 LED calibration
Run: 

Gain - PMT gain divided by 10^5
K_adc - conversion factor of MAROC channel (input charge in fC to ADC codes)
1pe, code - single photoelectron amplitude in ADC codes
Rel_sens - relative sensitivity of pixel

Cluster     Channel        Gain       K_adc   1pe, code    Rel_sens
===================================================================
 1         4         0         0     26.99      0.98
 1         5         0         0      1.21      0.98
 1         6         0         0      25.4      1.01
 1         7         0         0      1.47      1.01
 1         8         0         0     23.03      1.03
 1         9         0         0      1.15      1.03
 1        10         0         0     23.03      1.14
 1        11         0         0      1.26      1.14
 1        12         0         0     22.28      1.09
 1        13         0         0      1.06      1.09
 1        14         0         0     24.25       1.2
 1        15         0         0      1.07       1.2
 1        16         0         0     22.47       1.2
 1        17         0         0      0.99       1.2
 1        18         0         0     23.01       1.1
 1        19         0         0      0.99       1.1
 1        20         0         0     25.73      1.05
 1        21         0         0      1.86      1.05
 1        22         0         0     26.04      0.98
 1        23         0         0      1.11      0.98
 1        24         0         0     18.47      1.28
 1        25         0         0      0.84      1.28
 1        26         0         0     24.36      1.01
 1        27         0         0      1.06      1.01
 1        28         0         0     27.32      0.97
 1        29         0         0      1.26      0.97
 1        30         0         0     24.04       1.2
 1        31         0         0      1.57       1.2
 1        32         0         0     22.99      1.17
 1        33         0         0      1.14      1.17
 1        34         0         0      24.0      1.06
 1        35         0         0      1.02      1.06
 1        36         0         0     26.18      0.95
 1        37         0         0      1.64      0.95
 1        38         0         0     25.49      1.04
 1        39         0         0      1.16      1.04
 1        40         0         0     26.25      0.99
 1        41         0         0      1.32      0.99
 1        42         0         0     24.28      1.11
 1        43         0         0      1.42      1.11
 1        44         0         0     24.31      1.07
 1        45         0         0      1.06      1.07
 1        46         0         0     28.94      1.04
 1        47         0         0       1.2      1.04
 1        48         0         0     24.57      1.08
 1        49         0         0      1.16      1.08
 1        50         0         0     25.99      1.08
 1        51         0         0      1.45      1.08
 1        52         0         0     23.59      1.04
 1        53         0         0      1.61      1.04
 1        54         0         0     23.87      1.14
 1        55         0         0      1.27      1.14
 1        56         0         0     29.03      0.92
 1        57         0         0       1.3      0.92
 1        58         0         0     25.59       1.1
 1        59         0         0      1.17       1.1
 2         4         0         0     23.14      1.06
 2         5         0         0      0.95      1.06
 2         6         0         0     21.29      1.07
 2         7         0         0      1.14      1.07
 2         8         0         0     22.65      1.11
 2         9         0         0      1.32      1.11
 2        10         0         0     31.97      1.02
 2        11         0         0      1.47      1.02
 2        12         0         0     21.09       1.1
 2        13         0         0      1.01       1.1
 2        14         0         0     22.93      1.01
 2        15         0         0      1.27      1.01
 2        16         0         0     18.93      1.17
 2        17         0         0      1.56      1.17
 2        18         0         0     26.54      0.92
 2        19         0         0      1.07      0.92
 2        20         0         0     24.06      1.12
 2        21         0         0      0.64      1.12
 2        22         0         0      19.3      1.17
 2        23         0         0      0.83      1.17
 2        24         0         0     19.64      1.17
 2        25         0         0      1.06      1.17
 2        26         0         0     28.74      0.88
 2        27         0         0      1.32      0.88
 2        28         0         0     25.33      1.03
 2        29         0         0      1.19      1.03
 2        30         0         0     38.66      1.11
 2        31         0         0       1.2      1.11
 2        32         0         0     20.37      1.25
 2        33         0         0      0.99      1.25
 2        34         0         0     26.97      1.02
 2        35         0         0      1.16      1.02
 2        36         0         0     27.14      0.91
 2        37         0         0      1.13      0.91
 2        38         0         0     28.98      1.29
 2        39         0         0      1.13      1.29
 2        40         0         0     23.06      1.06
 2        41         0         0      1.41      1.06
 2        42         0         0     33.82      1.19
 2        43         0         0      1.21      1.19
 2        44         0         0     22.01       1.1
 2        45         0         0      1.25       1.1
 2        46         0         0     19.96      1.21
 2        47         0         0      1.13      1.21
 2        48         0         0     24.34      1.03
 2        49         0         0      1.24      1.03
 2        50         0         0     14.55      1.07
 2        51         0         0      0.51      1.07
 2        52         0         0     20.61      1.24
 2        53         0         0      1.39      1.24
 2        54         0         0     15.98      1.04
 2        55         0         0      0.64      1.04
 2        56         0         0     21.86      1.11
 2        57         0         0      1.14      1.11
 2        58         0         0     19.17      1.11
 2        59         0         0      1.13      1.11
 3         4         0         0     28.36      0.92
 3         5         0         0      1.21      0.92
 3         6         0         0     23.07      1.09
 3         7         0         0      1.04      1.09
 3         8         0         0      25.5      1.01
 3         9         0         0      1.18      1.01
 3        10         0         0     25.49       1.1
 3        11         0         0      1.26       1.1
 3        12         0         0     23.77      1.08
 3        13         0         0      1.41      1.08
 3        14         0         0     26.98      1.09
 3        15         0         0      1.43      1.09
 3        16         0         0     22.98      1.07
 3        17         0         0       0.8      1.07
 3        18         0         0     18.07      1.17
 3        19         0         0       1.4      1.17
 3        20         0         0     22.16      1.02
 3        21         0         0      1.06      1.02
 3        22         0         0      -1.0      -1.0
 3        23         0         0      -1.0      -1.0
 3        24         0         0     28.11       1.0
 3        25         0         0      1.45       1.0
 3        26         0         0      21.5      1.17
 3        27         0         0      1.37      1.17
 3        28         0         0     23.46      1.08
 3        29         0         0      1.17      1.08
 3        30         0         0     30.75      0.91
 3        31         0         0      1.33      0.91
 3        32         0         0     22.99      1.09
 3        33         0         0      1.48      1.09
 3        34         0         0     23.26      1.15
 3        35         0         0      1.43      1.15
 3        36         0         0     26.27       1.0
 3        37         0         0      1.21       1.0
 3        38         0         0     21.53      1.08
 3        39         0         0       1.1      1.08
 3        40         0         0     21.69      1.22
 3        41         0         0      1.51      1.22
 3        42         0         0     22.03      1.23
 3        43         0         0      1.27      1.23
 3        44         0         0     29.54       0.9
 3        45         0         0      1.35       0.9
 3        46         0         0     24.95      1.12
 3        47         0         0       1.3      1.12
 3        48         0         0     22.75      1.15
 3        49         0         0      1.61      1.15
 3        50         0         0     26.64      1.06
 3        51         0         0      1.38      1.06
 3        52         0         0     22.06      1.18
 3        53         0         0      0.81      1.18
 3        54         0         0     24.04      1.14
 3        55         0         0      1.45      1.14
 3        56         0         0     28.34      1.06
 3        57         0         0       1.6      1.06
 3        58         0         0     25.21       1.1
 3        59         0         0       1.3       1.1
 4         4         0         0     24.33      0.96
 4         5         0         0      1.42      0.96
 4         6         0         0     21.24      1.08
 4         7         0         0      1.11      1.08
 4         8         0         0     21.48      1.11
 4         9         0         0      1.21      1.11
 4        10         0         0     25.75      1.07
 4        11         0         0      1.27      1.07
 4        12         0         0     21.92      1.14
 4        13         0         0      0.97      1.14
 4        14         0         0     27.76      0.88
 4        15         0         0      0.99      0.88
 4        16         0         0     24.04      1.01
 4        17         0         0      0.97      1.01
 4        18         0         0     22.22      1.09
 4        19         0         0      1.37      1.09
 4        20         0         0     20.86      1.17
 4        21         0         0      1.45      1.17
 4        22         0         0      29.3      0.79
 4        23         0         0      1.39      0.79
 4        24         0         0     25.77      0.95
 4        25         0         0      1.22      0.95
 4        26         0         0     21.35      1.15
 4        27         0         0      1.43      1.15
 4        28         0         0     20.13      1.24
 4        29         0         0      1.08      1.24
 4        30         0         0     27.24      1.01
 4        31         0         0      1.43      1.01
 4        32         0         0     26.63      0.92
 4        33         0         0      1.45      0.92
 4        34         0         0     23.74      1.08
 4        35         0         0      0.98      1.08
 4        36         0         0     24.95      1.04
 4        37         0         0      1.15      1.04
 4        38         0         0     22.03      1.08
 4        39         0         0       1.3      1.08
 4        40         0         0     24.92      1.02
 4        41         0         0      0.94      1.02
 4        42         0         0     22.37       1.2
 4        43         0         0      1.13       1.2
 4        44         0         0     25.24      0.99
 4        45         0         0      1.13      0.99
 4        46         0         0     22.38      1.19
 4        47         0         0      1.15      1.19
 4        48         0         0     28.46      0.87
 4        49         0         0      1.57      0.87
 4        50         0         0     19.78      1.23
 4        51         0         0       1.1      1.23
 4        52         0         0     21.98      1.13
 4        53         0         0      1.27      1.13
 4        54         0         0     23.27      1.12
 4        55         0         0      1.32      1.12
 4        56         0         0     28.66      0.84
 4        57         0         0       1.4      0.84
 4        58         0         0     25.02      1.08
 4        59         0         0      1.01      1.08
 5         4         0         0     30.22      1.09
 5         5         0         0      1.29      1.09
 5         6         0         0     29.81      1.04
 5         7         0         0      0.99      1.04
 5         8         0         0     32.96      0.99
 5         9         0         0      0.99      0.99
 5        10         0         0     30.51      1.11
 5        11         0         0      1.39      1.11
 5        12         0         0     27.24      1.24
 5        13         0         0      1.14      1.24
 5        14         0         0     33.27      0.97
 5        15         0         0      1.01      0.97
 5        16         0         0     30.68      1.04
 5        17         0         0      1.07      1.04
 5        18         0         0     34.78      0.92
 5        19         0         0      1.07      0.92
 5        20         0         0     25.79      1.26
 5        21         0         0      1.02      1.26
 5        22         0         0     27.85      1.21
 5        23         0         0      1.35      1.21
 5        24         0         0     26.16      1.16
 5        25         0         0      0.85      1.16
 5        26         0         0     33.05      0.98
 5        27         0         0      1.37      0.98
 5        28         0         0     33.79      0.99
 5        29         0         0      1.54      0.99
 5        30         0         0      27.2      1.15
 5        31         0         0      1.02      1.15
 5        32         0         0      35.2      0.94
 5        33         0         0      1.25      0.94
 5        34         0         0     36.54      0.91
 5        35         0         0      1.56      0.91
 5        36         0         0     29.14      1.15
 5        37         0         0       1.0      1.15
 5        38         0         0      29.0      1.12
 5        39         0         0      1.54      1.12
 5        40         0         0      32.0      1.06
 5        41         0         0      1.15      1.06
 5        42         0         0     33.09      1.04
 5        43         0         0      1.77      1.04
 5        44         0         0     31.21      1.06
 5        45         0         0      0.97      1.06
 5        46         0         0     34.61      1.01
 5        47         0         0      0.97      1.01
 5        48         0         0     30.63      1.01
 5        49         0         0      1.08      1.01
 5        50         0         0     25.48      1.28
 5        51         0         0      0.91      1.28
 5        52         0         0      31.1      1.11
 5        53         0         0      0.96      1.11
 5        54         0         0     32.55       1.1
 5        55         0         0      0.89       1.1
 5        56         0         0     29.71      1.06
 5        57         0         0      1.46      1.06
 5        58         0         0     30.95      1.14
 5        59         0         0      1.11      1.14
 6         4         0         0     31.15      0.97
 6         5         0         0      1.06      0.97
 6         6         0         0     28.24      1.05
 6         7         0         0      1.21      1.05
 6         8         0         0     29.68      1.06
 6         9         0         0       1.1      1.06
 6        10         0         0     25.85      1.19
 6        11         0         0      1.24      1.19
 6        12         0         0     24.36      1.15
 6        13         0         0      1.01      1.15
 6        14         0         0     27.68      1.09
 6        15         0         0      1.55      1.09
 6        16         0         0     84.01      0.66
 6        17         0         0      1.79      0.66
 6        18         0         0     29.89       1.1
 6        19         0         0      1.17       1.1
 6        20         0         0     26.09      1.09
 6        21         0         0      1.27      1.09
 6        22         0         0     28.79      1.03
 6        23         0         0      1.46      1.03
 6        24         0         0      25.1      1.19
 6        25         0         0      1.11      1.19
 6        26         0         0     24.28       1.1
 6        27         0         0      1.28       1.1
 6        28         0         0     27.14      1.14
 6        29         0         0      1.12      1.14
 6        30         0         0     26.92      1.06
 6        31         0         0      1.33      1.06
 6        32         0         0     28.59      0.99
 6        33         0         0      1.17      0.99
 6        34         0         0     33.15      0.88
 6        35         0         0      1.26      0.88
 6        36         0         0     33.56      0.82
 6        37         0         0      1.15      0.82
 6        38         0         0     27.01      1.04
 6        39         0         0      1.41      1.04
 6        40         0         0     26.75      1.03
 6        41         0         0      1.28      1.03
 6        42         0         0     26.03      1.05
 6        43         0         0      1.23      1.05
 6        44         0         0     26.62      0.96
 6        45         0         0      1.23      0.96
 6        46         0         0     28.81       1.0
 6        47         0         0      1.24       1.0
 6        48         0         0     24.74      1.19
 6        49         0         0      1.19      1.19
 6        50         0         0     22.71      1.15
 6        51         0         0      0.95      1.15
 6        52         0         0      26.5      1.11
 6        53         0         0      1.44      1.11
 6        54         0         0      25.2      1.07
 6        55         0         0      1.21      1.07
 6        56         0         0     28.41      1.05
 6        57         0         0      1.19      1.05
 6        58         0         0     29.74       1.0
 6        59         0         0       1.0       1.0
 7         4         0         0     26.28      1.05
 7         5         0         0       1.4      1.05
 7         6         0         0      26.3      0.98
 7         7         0         0      1.86      0.98
 7         8         0         0     26.63      1.09
 7         9         0         0      1.38      1.09
 7        10         0         0     26.38       1.0
 7        11         0         0      1.43       1.0
 7        12         0         0     26.91      0.99
 7        13         0         0      0.91      0.99
 7        14         0         0     24.67      0.99
 7        15         0         0      1.16      0.99
 7        16         0         0     28.66      0.93
 7        17         0         0      1.24      0.93
 7        18         0         0     31.89      0.81
 7        19         0         0      1.52      0.81
 7        20         0         0     22.31       1.2
 7        21         0         0       1.3       1.2
 7        22         0         0     28.08      0.97
 7        23         0         0      1.39      0.97
 7        24         0         0     23.78      1.16
 7        25         0         0       1.3      1.16
 7        26         0         0     27.75      0.96
 7        27         0         0      1.14      0.96
 7        28         0         0     23.51       1.2
 7        29         0         0       1.4       1.2
 7        30         0         0     28.99      1.06
 7        31         0         0      1.42      1.06
 7        32         0         0     27.66      1.01
 7        33         0         0      1.31      1.01
 7        34         0         0     27.48      0.88
 7        35         0         0      1.31      0.88
 7        36         0         0     27.44       0.9
 7        37         0         0       1.7       0.9
 7        38         0         0     23.49      1.07
 7        39         0         0      1.31      1.07
 7        40         0         0     23.91      1.14
 7        41         0         0      1.33      1.14
 7        42         0         0     27.99       0.9
 7        43         0         0      1.44       0.9
 7        44         0         0     25.04      1.11
 7        45         0         0      1.07      1.11
 7        46         0         0     27.47      1.07
 7        47         0         0      1.09      1.07
 7        48         0         0     26.91      1.07
 7        49         0         0      1.13      1.07
 7        50         0         0     24.41      1.17
 7        51         0         0      1.26      1.17
 7        52         0         0      23.9      1.13
 7        53         0         0      2.04      1.13
 7        54         0         0     22.12      1.23
 7        55         0         0      1.13      1.23
 7        56         0         0     30.51      0.93
 7        57         0         0      1.29      0.93
 7        58         0         0     38.19      0.68
 7        59         0         0      1.46      0.68
 8         4         0         0     28.37      1.12
 8         5         0         0      1.23      1.12
 8         6         0         0     29.03      1.08
 8         7         0         0      1.32      1.08
 8         8         0         0     27.24      1.04
 8         9         0         0      1.15      1.04
 8        10         0         0      30.6      0.98
 8        11         0         0      1.44      0.98
 8        12         0         0     27.64      1.11
 8        13         0         0       1.5      1.11
 8        14         0         0     25.85      1.07
 8        15         0         0      1.21      1.07
 8        16         0         0     33.27      0.88
 8        17         0         0      1.56      0.88
 8        18         0         0     28.39      0.99
 8        19         0         0      1.79      0.99
 8        20         0         0     29.56      1.03
 8        21         0         0      1.11      1.03
 8        22         0         0     31.31      0.96
 8        23         0         0      0.95      0.96
 8        24         0         0     32.22      0.99
 8        25         0         0      1.39      0.99
 8        26         0         0     28.46      1.09
 8        27         0         0       1.0      1.09
 8        28         0         0     25.64      1.17
 8        29         0         0      1.21      1.17
 8        30         0         0     30.51      0.97
 8        31         0         0      1.21      0.97
 8        32         0         0     25.74      1.13
 8        33         0         0      1.24      1.13
 8        34         0         0      32.9      0.92
 8        35         0         0      1.37      0.92
 8        36         0         0     28.36      1.03
 8        37         0         0      1.58      1.03
 8        38         0         0     27.23       1.1
 8        39         0         0      1.39       1.1
 8        40         0         0     24.61      1.25
 8        41         0         0       0.9      1.25
 8        42         0         0     35.01      0.81
 8        43         0         0      0.99      0.81
 8        44         0         0     29.94      0.95
 8        45         0         0      1.51      0.95
 8        46         0         0      27.5      1.17
 8        47         0         0      1.23      1.17
 8        48         0         0     28.78      1.03
 8        49         0         0      1.41      1.03
 8        50         0         0     27.55      1.01
 8        51         0         0      0.74      1.01
 8        52         0         0      24.4      1.21
 8        53         0         0      1.19      1.21
 8        54         0         0     30.15      1.06
 8        55         0         0      1.33      1.06
 8        56         0         0     29.88      1.04
 8        57         0         0      1.01      1.04
 8        58         0         0     34.81      0.92
 8        59         0         0      1.62      0.92
 9         4         0         0     29.96      0.99
 9         5         0         0      1.25      0.99
 9         6         0         0     30.37      0.98
 9         7         0         0      0.83      0.98
 9         8         0         0     28.84      1.09
 9         9         0         0      1.34      1.09
 9        10         0         0     25.87      1.17
 9        11         0         0      1.44      1.17
 9        12         0         0     28.05      1.05
 9        13         0         0      1.36      1.05
 9        14         0         0     27.05      1.13
 9        15         0         0      1.77      1.13
 9        16         0         0     29.15      0.98
 9        17         0         0      1.31      0.98
 9        18         0         0     29.23      0.96
 9        19         0         0      1.75      0.96
 9        20         0         0     28.38      1.02
 9        21         0         0      1.12      1.02
 9        22         0         0     27.11      1.02
 9        23         0         0      1.27      1.02
 9        24         0         0     27.56      1.08
 9        25         0         0      1.26      1.08
 9        26         0         0     24.99      1.15
 9        27         0         0      1.09      1.15
 9        28         0         0     24.69      1.11
 9        29         0         0       0.8      1.11
 9        30         0         0     29.42      1.05
 9        31         0         0      1.22      1.05
 9        32         0         0     37.05       0.8
 9        33         0         0      1.23       0.8
 9        34         0         0     31.42      0.96
 9        35         0         0      1.32      0.96
 9        36         0         0     32.91      0.91
 9        37         0         0      1.35      0.91
 9        38         0         0     24.48      1.11
 9        39         0         0       1.1      1.11
 9        40         0         0     27.33      1.01
 9        41         0         0      1.25      1.01
 9        42         0         0     28.38      0.94
 9        43         0         0      1.19      0.94
 9        44         0         0     33.27      0.92
 9        45         0         0      1.28      0.92
 9        46         0         0     36.29      0.85
 9        47         0         0      1.63      0.85
 9        48         0         0     31.08      0.98
 9        49         0         0      1.04      0.98
 9        50         0         0     29.47      0.97
 9        51         0         0      1.35      0.97
 9        52         0         0     29.45      1.04
 9        53         0         0      1.14      1.04
 9        54         0         0     29.96      0.98
 9        55         0         0      1.02      0.98
 9        56         0         0     32.65      0.86
 9        57         0         0      1.27      0.86
 9        58         0         0     37.13      0.87
 9        59         0         0      1.61      0.87
10         4         0         0     38.25      0.83
10         5         0         0       1.5      0.83
10         6         0         0     28.38      0.99
10         7         0         0      0.99      0.99
10         8         0         0     30.22      0.93
10         9         0         0      1.46      0.93
10        10         0         0     27.57      1.12
10        11         0         0      1.68      1.12
10        12         0         0     31.89      0.92
10        13         0         0      1.23      0.92
10        14         0         0     27.18      1.03
10        15         0         0       1.2      1.03
10        16         0         0     24.68      1.19
10        17         0         0      1.87      1.19
10        18         0         0     29.94      0.97
10        19         0         0      1.84      0.97
10        20         0         0     29.48      1.04
10        21         0         0      1.41      1.04
10        22         0         0      38.7      0.79
10        23         0         0      1.11      0.79
10        24         0         0     26.66      1.08
10        25         0         0       1.2      1.08
10        26         0         0     24.53      1.23
10        27         0         0      1.18      1.23
10        28         0         0     43.02      0.69
10        29         0         0      1.48      0.69
10        30         0         0     28.12      1.06
10        31         0         0      1.37      1.06
10        32         0         0     33.01      0.93
10        33         0         0      1.43      0.93
10        34         0         0     40.34      0.73
10        35         0         0      1.66      0.73
10        36         0         0     29.56       1.0
10        37         0         0      1.16       1.0
10        38         0         0      32.6      0.83
10        39         0         0      1.74      0.83
10        40         0         0     30.36      1.08
10        41         0         0      1.31      1.08
10        42         0         0     27.09      1.11
10        43         0         0      1.09      1.11
10        44         0         0     38.33      0.84
10        45         0         0      1.49      0.84
10        46         0         0     37.65      0.98
10        47         0         0       2.0      0.98
10        48         0         0     29.27      1.13
10        49         0         0      1.46      1.13
10        50         0         0     38.36      0.84
10        51         0         0      1.93      0.84
10        52         0         0     44.26      0.69
10        53         0         0       2.1      0.69
10        54         0         0     34.02      0.93
10        55         0         0      1.52      0.93
10        56         0         0     34.64      0.94
10        57         0         0      1.44      0.94
10        58         0         0      35.2       0.9
10        59         0         0      1.43       0.9
11         4         0         0     30.14      0.95
11         5         0         0      1.36      0.95
11         6         0         0     28.54      0.97
11         7         0         0      1.64      0.97
11         8         0         0     32.14       0.9
11         9         0         0      1.44       0.9
11        10         0         0     30.23      0.87
11        11         0         0      1.85      0.87
11        12         0         0     34.33      0.84
11        13         0         0      1.52      0.84
11        14         0         0     34.73       0.7
11        15         0         0      1.87       0.7
11        16         0         0     25.41      1.17
11        17         0         0      1.24      1.17
11        18         0         0     28.11       0.9
11        19         0         0      1.63       0.9
11        20         0         0     28.14      1.02
11        21         0         0      1.48      1.02
11        22         0         0     26.45      1.04
11        23         0         0      1.36      1.04
11        24         0         0      30.7       1.0
11        25         0         0      1.37       1.0
11        26         0         0     36.87      0.75
11        27         0         0      2.12      0.75
11        28         0         0     24.98      1.09
11        29         0         0      1.78      1.09
11        30         0         0     31.53      0.92
11        31         0         0      1.42      0.92
11        32         0         0     25.36      1.01
11        33         0         0      1.33      1.01
11        34         0         0     24.37      1.09
11        35         0         0      1.46      1.09
11        36         0         0     26.65      1.05
11        37         0         0      1.64      1.05
11        38         0         0     33.73       0.8
11        39         0         0      1.69       0.8
11        40         0         0     22.76      1.15
11        41         0         0      1.27      1.15
11        42         0         0     27.12      1.02
11        43         0         0      1.56      1.02
11        44         0         0     26.17       1.1
11        45         0         0      1.15       1.1
11        46         0         0     27.73      1.03
11        47         0         0      1.65      1.03
11        48         0         0     27.37      1.05
11        49         0         0      1.53      1.05
11        50         0         0     32.02      0.96
11        51         0         0      1.91      0.96
11        52         0         0     22.06      1.22
11        53         0         0      1.49      1.22
11        54         0         0     25.36       1.0
11        55         0         0      2.06       1.0
11        56         0         0      31.0      0.95
11        57         0         0      1.59      0.95
11        58         0         0     28.86      0.99
11        59         0         0      1.36      0.99
12         4         0         0     25.92       1.0
12         5         0         0      1.11       1.0
12         6         0         0     27.23      0.86
12         7         0         0       1.6      0.86
12         8         0         0     23.96      1.06
12         9         0         0      1.27      1.06
12        10         0         0      27.7      0.88
12        11         0         0      1.49      0.88
12        12         0         0     31.46      0.84
12        13         0         0      1.09      0.84
12        14         0         0     34.45      1.08
12        15         0         0      1.96      1.08
12        16         0         0     24.92      1.08
12        17         0         0      1.12      1.08
12        18         0         0     28.06      0.99
12        19         0         0      1.47      0.99
12        20         0         0     23.19       1.2
12        21         0         0      1.41       1.2
12        22         0         0     23.08      0.78
12        23         0         0       1.1      0.78
12        24         0         0     26.71      0.89
12        25         0         0      1.33      0.89
12        26         0         0     27.62      0.86
12        27         0         0      1.48      0.86
12        28         0         0     29.94      0.89
12        29         0         0      1.45      0.89
12        30         0         0      28.5      1.04
12        31         0         0      1.35      1.04
12        32         0         0     32.43      0.97
12        33         0         0      1.66      0.97
12        34         0         0      34.8      0.83
12        35         0         0      1.66      0.83
12        36         0         0     31.68      0.98
12        37         0         0       1.7      0.98
12        38         0         0     26.34      0.98
12        39         0         0      1.53      0.98
12        40         0         0     26.12      1.16
12        41         0         0      1.34      1.16
12        42         0         0     21.85      1.09
12        43         0         0       1.0      1.09
12        44         0         0     30.11      1.04
12        45         0         0      1.38      1.04
12        46         0         0      49.7      0.61
12        47         0         0      2.33      0.61
12        48         0         0     32.98       0.9
12        49         0         0      1.92       0.9
12        50         0         0     26.55      1.12
12        51         0         0       1.4      1.12
12        52         0         0     25.97      1.02
12        53         0         0      1.19      1.02
12        54         0         0     28.15      0.91
12        55         0         0      1.19      0.91
12        56         0         0     33.96       1.0
12        57         0         0       1.1       1.0
12        58         0         0     30.58      0.76
12        59         0         0      1.69      0.76
13         4         0         0     42.39      0.81
13         5         0         0      1.32      0.81
13         6         0         0     33.88      1.07
13         7         0         0      1.06      1.07
13         8         0         0     30.95      1.06
13         9         0         0      1.15      1.06
13        10         0         0     29.65      1.21
13        11         0         0      1.23      1.21
13        12         0         0     34.22      0.95
13        13         0         0      1.48      0.95
13        14         0         0      31.2      1.07
13        15         0         0      1.13      1.07
13        16         0         0     33.81      0.96
13        17         0         0      2.26      0.96
13        18         0         0     30.93      0.99
13        19         0         0       1.5      0.99
13        20         0         0     46.99      0.63
13        21         0         0      1.77      0.63
13        22         0         0     33.69      0.98
13        23         0         0      1.56      0.98
13        24         0         0     33.02      0.93
13        25         0         0      1.57      0.93
13        26         0         0     26.37      1.19
13        27         0         0      1.01      1.19
13        28         0         0     31.12      1.05
13        29         0         0      1.35      1.05
13        30         0         0     36.41      0.91
13        31         0         0      1.76      0.91
13        32         0         0     38.01       0.8
13        33         0         0      1.46       0.8
13        34         0         0     32.96      1.04
13        35         0         0      1.14      1.04
13        36         0         0     35.85      0.88
13        37         0         0      1.45      0.88
13        38         0         0     30.48      1.01
13        39         0         0      1.27      1.01
13        40         0         0     24.96      1.12
13        41         0         0      1.13      1.12
13        42         0         0     33.23      0.96
13        43         0         0      1.51      0.96
13        44         0         0     27.04      1.08
13        45         0         0      1.11      1.08
13        46         0         0     33.66      0.95
13        47         0         0      1.34      0.95
13        48         0         0     31.25      1.01
13        49         0         0       1.6      1.01
13        50         0         0     31.28      0.97
13        51         0         0      1.17      0.97
13        52         0         0     35.48      0.86
13        53         0         0      1.32      0.86
13        54         0         0     33.01      0.89
13        55         0         0      1.35      0.89
13        56         0         0     40.42      0.66
13        57         0         0       2.3      0.66
13        58         0         0     37.73      0.79
13        59         0         0      1.51      0.79
14         4         0         0     34.18      0.87
14         5         0         0      1.95      0.87
14         6         0         0      34.7       0.8
14         7         0         0      1.61       0.8
14         8         0         0     29.99      0.94
14         9         0         0      1.73      0.94
14        10         0         0     30.12      0.95
14        11         0         0      1.29      0.95
14        12         0         0     33.63      0.83
14        13         0         0       1.7      0.83
14        14         0         0     34.17      0.87
14        15         0         0      1.55      0.87
14        16         0         0     29.72      0.95
14        17         0         0      1.39      0.95
14        18         0         0      25.9      1.08
14        19         0         0      1.16      1.08
14        20         0         0      29.1      0.96
14        21         0         0      1.16      0.96
14        22         0         0     32.91      0.91
14        23         0         0      1.92      0.91
14        24         0         0     29.49      1.01
14        25         0         0      1.56      1.01
14        26         0         0     31.81      1.03
14        27         0         0      1.99      1.03
14        28         0         0     28.57       1.0
14        29         0         0      1.53       1.0
14        30         0         0     31.18      0.93
14        31         0         0       1.3      0.93
14        32         0         0      30.8       0.9
14        33         0         0      1.64       0.9
14        34         0         0      36.2      0.88
14        35         0         0      1.59      0.88
14        36         0         0     25.92      1.14
14        37         0         0      1.47      1.14
14        38         0         0     34.36      0.79
14        39         0         0      1.45      0.79
14        40         0         0     24.78      1.14
14        41         0         0      1.22      1.14
14        42         0         0     41.43      0.65
14        43         0         0      1.19      0.65
14        44         0         0     26.85      1.09
14        45         0         0      1.05      1.09
14        46         0         0     35.24      0.78
14        47         0         0      1.33      0.78
14        48         0         0     36.14      0.89
14        49         0         0      1.97      0.89
14        50         0         0     38.23      0.74
14        51         0         0      1.75      0.74
14        52         0         0     29.69      1.08
14        53         0         0      1.57      1.08
14        54         0         0     25.72      1.13
14        55         0         0      1.14      1.13
14        56         0         0     26.14       1.2
14        57         0         0      1.01       1.2
14        58         0         0      27.8       1.1
14        59         0         0      1.09       1.1
15         4         0         0     35.21      0.83
15         5         0         0       1.5      0.83
15         6         0         0     39.36      0.64
15         7         0         0      2.08      0.64
15         8         0         0     31.68      0.81
15         9         0         0      1.38      0.81
15        10         0         0     36.01      0.71
15        11         0         0      1.86      0.71
15        12         0         0     33.18      0.77
15        13         0         0      1.64      0.77
15        14         0         0      31.4      0.83
15        15         0         0      1.68      0.83
15        16         0         0     29.48      0.86
15        17         0         0      1.73      0.86
15        18         0         0     27.33      0.91
15        19         0         0      1.48      0.91
15        20         0         0      39.3       0.7
15        21         0         0      1.71       0.7
15        22         0         0     33.76      0.72
15        23         0         0      2.15      0.72
15        24         0         0     31.24      0.78
15        25         0         0      1.51      0.78
15        26         0         0     25.03      1.02
15        27         0         0      1.35      1.02
15        28         0         0     29.26      0.91
15        29         0         0      1.64      0.91
15        30         0         0     29.63      0.87
15        31         0         0      1.29      0.87
15        32         0         0     46.08      0.63
15        33         0         0      1.77      0.63
15        34         0         0     36.75      0.69
15        35         0         0      1.85      0.69
15        36         0         0     29.31      0.87
15        37         0         0      1.64      0.87
15        38         0         0     26.69      1.05
15        39         0         0      1.22      1.05
15        40         0         0     25.53      0.96
15        41         0         0      1.03      0.96
15        42         0         0     26.34      1.04
15        43         0         0      1.92      1.04
15        44         0         0     29.42      0.86
15        45         0         0      1.79      0.86
15        46         0         0     25.55       1.0
15        47         0         0      1.32       1.0
15        48         0         0     30.96      0.85
15        49         0         0      1.45      0.85
15        50         0         0     34.59       0.8
15        51         0         0      1.61       0.8
15        52         0         0     30.41      0.84
15        53         0         0      1.69      0.84
15        54         0         0      26.2      1.02
15        55         0         0      1.11      1.02
15        56         0         0     35.32      0.74
15        57         0         0      1.73      0.74
15        58         0         0     26.92      0.91
15        59         0         0      1.55      0.91
16         4         0         0     29.91      1.04
16         5         0         0      1.02      1.04
16         6         0         0     28.79      1.18
16         7         0         0      0.91      1.18
16         8         0         0      26.1      1.13
16         9         0         0      1.13      1.13
16        10         0         0     27.28      1.09
16        11         0         0      1.09      1.09
16        12         0         0     28.96      1.13
16        13         0         0      1.28      1.13
16        14         0         0     28.79      1.11
16        15         0         0      0.72      1.11
16        16         0         0     28.13      1.13
16        17         0         0      1.15      1.13
16        18         0         0     25.89      1.24
16        19         0         0      1.21      1.24
16        20         0         0     24.53      1.27
16        21         0         0       1.1      1.27
16        22         0         0     25.52      1.28
16        23         0         0      1.21      1.28
16        24         0         0     24.96      1.15
16        25         0         0      1.11      1.15
16        26         0         0     25.69      1.19
16        27         0         0      1.26      1.19
16        28         0         0     31.62      1.03
16        29         0         0      0.87      1.03
16        30         0         0     23.32      1.17
16        31         0         0      0.97      1.17
16        32         0         0     28.67      1.01
16        33         0         0      0.83      1.01
16        34         0         0     34.08      0.89
16        35         0         0      1.07      0.89
16        36         0         0     30.36      1.01
16        37         0         0      1.31      1.01
16        38         0         0     34.45      0.87
16        39         0         0      1.19      0.87
16        40         0         0     29.14      0.98
16        41         0         0      0.76      0.98
16        42         0         0     30.84      0.97
16        43         0         0      0.99      0.97
16        44         0         0     24.79      1.23
16        45         0         0      1.03      1.23
16        46         0         0     26.85       1.1
16        47         0         0      0.87       1.1
16        48         0         0      32.6      0.95
16        49         0         0      1.52      0.95
16        50         0         0     25.45      1.15
16        51         0         0      0.95      1.15
16        52         0         0     25.89      1.16
16        53         0         0      0.99      1.16
16        54         0         0     24.47      1.19
16        55         0         0      0.88      1.19
16        56         0         0     41.08      0.75
16        57         0         0      0.97      0.75
16        58         0         0     31.87      0.98
16        59         0         0       1.3      0.98
17         6         0         0     26.61      0.88
17         7         0         0      1.43      0.88
17        10         0         0     27.86      0.84
17        11         0         0      1.48      0.84
17        14         0         0     42.92      0.56
17        15         0         0      2.74      0.56
17        18         0         0     22.02      1.02
17        19         0         0      1.26      1.02
17        22         0         0     26.25      0.87
17        23         0         0      1.55      0.87
17        26         0         0     26.07      0.85
17        27         0         0      1.64      0.85
17        30         0         0     25.98      0.88
17        31         0         0      1.45      0.88
17        32         0         0     39.11      0.67
17        33         0         0      2.07      0.67
17        34         0         0     26.36      0.84
17        35         0         0      1.72      0.84
17        36         0         0     26.68      0.93
17        37         0         0      1.65      0.93
17        38         0         0     28.64      0.88
17        39         0         0      1.52      0.88
17        40         0         0     32.85      0.77
17        41         0         0      1.19      0.77
17        42         0         0     29.68      0.82
17        43         0         0      1.47      0.82
17        44         0         0     34.27      0.75
17        45         0         0      2.08      0.75
17        46         0         0     21.94       1.1
17        47         0         0      1.84       1.1
17        48         0         0     23.83      1.05
17        49         0         0      1.59      1.05
17        50         0         0     37.47      0.67
17        51         0         0       2.3      0.67
17        52         0         0     35.69      0.73
17        53         0         0      2.32      0.73
17        54         0         0     31.82      0.72
17        55         0         0      1.54      0.72
17        56         0         0     35.09      0.76
17        57         0         0      1.79      0.76
17        58         0         0     28.87      0.82
17        59         0         0      1.62      0.82
18         6         0         0     27.55      0.92
18         7         0         0      1.54      0.92
18        10         0         0     33.15      0.79
18        11         0         0       2.3      0.79
18        14         0         0     32.27      0.74
18        15         0         0      2.22      0.74
18        18         0         0     23.56      1.06
18        19         0         0      1.61      1.06
18        22         0         0     19.63      1.17
18        23         0         0      1.47      1.17
18        26         0         0     37.37      0.66
18        27         0         0      3.13      0.66
18        30         0         0     30.49      0.73
18        31         0         0      1.87      0.73
18        32         0         0     25.05       0.9
18        33         0         0       1.6       0.9
18        34         0         0     21.81      1.11
18        35         0         0      1.13      1.11
18        36         0         0     25.52      0.98
18        37         0         0       1.5      0.98
18        38         0         0     21.93      1.02
18        39         0         0       1.3      1.02
18        40         0         0     27.67       0.9
18        41         0         0      1.48       0.9
18        42         0         0     20.86      1.13
18        43         0         0      2.01      1.13
18        44         0         0     21.18      1.14
18        45         0         0       2.2      1.14
18        46         0         0     22.62      0.98
18        47         0         0      1.11      0.98
18        48         0         0     25.82      0.91
18        49         0         0      1.86      0.91
18        50         0         0     28.01      0.78
18        51         0         0      1.43      0.78
18        52         0         0      26.3      0.97
18        53         0         0      1.27      0.97
18        54         0         0     30.46      0.76
18        55         0         0      1.94      0.76
18        56         0         0     23.64      1.03
18        57         0         0      1.46      1.03
18        58         0         0      27.1      0.86
18        59         0         0      1.67      0.86
19         4         0         0     30.72      0.66
19         5         0         0      1.46      0.66
19         6         0         0     22.79      0.88
19         7         0         0      1.42      0.88
19         8         0         0     21.18      0.65
19         9         0         0      1.03      0.65
19        10         0         0      32.1      0.62
19        11         0         0      0.91      0.62
19        12         0         0     21.43      0.72
19        13         0         0      0.85      0.72
19        14         0         0     21.32      0.92
19        15         0         0      0.97      0.92
19        16         0         0     31.31      0.65
19        17         0         0      1.24      0.65
19        18         0         0      25.6      0.77
19        19         0         0      1.17      0.77
19        20         0         0     30.03       0.8
19        21         0         0      1.15       0.8
19        22         0         0     30.94      0.61
19        23         0         0      1.24      0.61
19        24         0         0     28.44       0.7
19        25         0         0      1.11       0.7
19        26         0         0     40.15      0.78
19        27         0         0      1.11      0.78
19        28         0         0      25.0      0.69
19        29         0         0      1.33      0.69
19        30         0         0     28.03       0.7
19        31         0         0      1.01       0.7
19        32         0         0     23.46      0.92
19        33         0         0      1.15      0.92
19        36         0         0     17.97       1.1
19        37         0         0      1.26       1.1
19        40         0         0     28.51      0.77
19        41         0         0      1.45      0.77
19        44         0         0     36.23      0.63
19        45         0         0      1.11      0.63
19        48         0         0     38.36       0.6
19        49         0         0      1.54       0.6
19        52         0         0     37.22      0.76
19        53         0         0      1.09      0.76
19        56         0         0     31.84      0.67
19        57         0         0      1.13      0.67
20         4         0         0     24.08       0.8
20         5         0         0      1.12       0.8
20         8         0         0     32.27       0.6
20         9         0         0      1.64       0.6
20        12         0         0     30.42      0.65
20        13         0         0      1.32      0.65
20        16         0         0     32.03      0.57
20        17         0         0      1.96      0.57
20        20         0         0     30.72      0.59
20        21         0         0      1.51      0.59
20        24         0         0     18.18      0.99
20        25         0         0      0.97      0.99
20        28         0         0     20.22      0.98
20        29         0         0      0.96      0.98
20        32         0         0     26.48      0.76
20        33         0         0      2.41      0.76
20        34         0         0     24.39      0.78
20        35         0         0      1.04      0.78
20        36         0         0     30.99       0.6
20        37         0         0      1.37       0.6
20        38         0         0     29.25      0.62
20        39         0         0      1.35      0.62
20        40         0         0     45.63      0.42
20        41         0         0      1.97      0.42
20        42         0         0     19.49      1.03
20        43         0         0      0.88      1.03
20        44         0         0     27.17      0.71
20        45         0         0      0.96      0.71
20        46         0         0     24.42      0.78
20        47         0         0      1.26      0.78
20        48         0         0     28.33      0.67
20        49         0         0      1.41      0.67
20        50         0         0     23.63      0.77
20        51         0         0      0.95      0.77
20        52         0         0     32.08      0.61
20        53         0         0      1.26      0.61
20        54         0         0      26.2      0.77
20        55         0         0      0.87      0.77
20        56         0         0     25.65      0.78
20        57         0         0      0.73      0.78
20        58         0         0     22.39      0.86
20        59         0         0      0.96      0.86
21         6         0         0     24.13      0.96
21         7         0         0      1.32      0.96
21        10         0         0     22.88      0.99
21        11         0         0      1.13      0.99
21        14         0         0     26.28      0.99
21        15         0         0      2.06      0.99
21        18         0         0     26.71       0.9
21        19         0         0      1.55       0.9
21        22         0         0      22.0      1.08
21        23         0         0       1.3      1.08
21        26         0         0     23.06      1.15
21        27         0         0      1.32      1.15
21        30         0         0     21.42      1.06
21        31         0         0      1.43      1.06
21        32         0         0     33.25       0.6
21        33         0         0      2.29       0.6
21        34         0         0     28.93      0.77
21        35         0         0      2.22      0.77
21        36         0         0      34.5      0.65
21        37         0         0      2.18      0.65
21        38         0         0     34.59      0.71
21        39         0         0      1.87      0.71
21        40         0         0     33.69      0.69
21        41         0         0      1.78      0.69
21        42         0         0     44.17      0.56
21        43         0         0      2.48      0.56
21        44         0         0     29.51      0.81
21        45         0         0      1.53      0.81
21        46         0         0     28.45      0.87
21        47         0         0       1.8      0.87
21        48         0         0     43.22      0.52
21        49         0         0      1.77      0.52
21        50         0         0     40.11      0.57
21        51         0         0      2.09      0.57
21        52         0         0     34.23       0.7
21        53         0         0      2.12       0.7
21        54         0         0     36.49      0.65
21        55         0         0       1.5      0.65
21        56         0         0     35.44      0.67
21        57         0         0      1.93      0.67
21        58         0         0      41.5       0.6
21        59         0         0      1.77       0.6
