cl	ch	pe	sens
1	4	23.45	1.36
1	5	1.60	1.36
1	6	22.67	1.13
1	7	2.32	1.13
1	8	21.49	1.44
1	9	1.82	1.44
1	10	23.28	1.16
1	11	1.71	1.16
1	12	17.03	1.47
1	13	1.30	1.47
1	14	21.76	1.11
1	15	1.93	1.11
1	16	28.32	1.37
1	17	2.10	1.37
1	18	25.07	1.18
1	19	1.76	1.18
1	20	21.56	1.21
1	21	1.47	1.21
1	22	27.52	1.34
1	23	1.88	1.34
1	24	17.10	0.98
1	25	0.92	0.98
1	26	20.17	1.10
1	27	1.67	1.10
1	28	24.62	1.41
1	29	2.19	1.41
1	30	26.48	0.93
1	31	2.17	0.93
1	32	28.74	0.86
1	33	1.97	0.86
1	34	19.32	1.23
1	35	1.08	1.23
1	36	29.74	1.18
1	37	2.42	1.18
1	38	21.30	1.28
1	39	1.84	1.28
1	40	21.33	1.05
1	41	1.21	1.05
1	42	26.45	1.17
1	43	2.13	1.17
1	44	22.23	1.06
1	45	1.78	1.06
1	46	26.13	1.18
1	47	2.57	1.18
1	48	17.90	1.33
1	49	1.32	1.33
1	50	23.72	1.17
1	51	1.91	1.17
1	52	30.11	0.75
1	53	2.43	0.75
1	54	19.78	1.23
1	55	1.40	1.23
1	56	24.62	1.02
1	57	1.33	1.02
1	58	22.71	0.98
1	59	1.21	0.98
2	4	24.08	1.23
2	5	1.59	1.23
2	6	27.76	1.29
2	7	2.07	1.29
2	8	27.96	0.99
2	9	2.25	0.99
2	10	19.92	0.85
2	11	1.02	0.85
2	12	17.67	1.22
2	13	1.78	1.22
2	14	18.16	1.43
2	15	1.94	1.43
2	16	19.53	0.88
2	17	1.54	0.88
2	18	21.20	1.36
2	19	1.47	1.36
2	20	24.25	1.18
2	21	1.82	1.18
2	22	26.50	1.13
2	23	2.15	1.13
2	24	17.06	1.30
2	25	1.03	1.30
2	26	36.42	0.71
2	27	2.52	0.71
2	28	21.14	0.90
2	29	1.47	0.90
2	30	27.68	1.09
2	31	1.84	1.09
2	32	27.25	0.94
2	33	2.41	0.94
2	34	27.22	1.20
2	35	2.61	1.20
2	36	21.38	1.28
2	37	1.48	1.28
2	38	21.80	1.37
2	39	1.46	1.37
2	40	22.84	1.28
2	41	1.66	1.28
2	42	18.70	1.27
2	43	1.43	1.27
2	44	30.26	1.44
2	45	2.54	1.44
2	46	35.23	0.76
2	47	2.05	0.76
2	48	22.45	0.92
2	49	1.10	0.92
2	50	15.39	0.94
2	51	0.78	0.94
2	52	16.21	1.15
2	53	1.27	1.15
2	54	23.30	1.44
2	55	2.14	1.44
2	56	23.42	1.09
2	57	1.70	1.09
2	58	24.04	1.14
2	59	1.92	1.14
3	4	19.27	1.15
3	5	1.08	1.15
3	6	25.94	0.95
3	7	2.65	0.95
3	8	23.13	1.25
3	9	1.68	1.25
3	10	18.17	1.23
3	11	1.47	1.23
3	12	17.83	0.93
3	13	1.46	0.93
3	14	21.44	0.94
3	15	1.93	0.94
3	16	25.00	1.03
3	17	2.28	1.03
3	18	23.70	0.98
3	19	1.67	0.98
3	20	25.73	1.15
3	21	2.03	1.15
3	22	27.11	0.62
3	23	1.53	0.62
3	24	16.13	1.17
3	25	1.26	1.17
3	26	24.77	1.05
3	27	2.18	1.05
3	28	20.68	1.10
3	29	1.83	1.10
3	30	22.60	1.11
3	31	1.85	1.11
3	32	24.26	0.97
3	33	1.88	0.97
3	34	32.43	0.81
3	35	2.81	0.81
3	36	30.34	1.12
3	37	2.55	1.12
3	38	26.83	1.14
3	39	2.23	1.14
3	40	20.43	1.19
3	41	1.59	1.19
3	42	22.67	1.39
3	43	1.52	1.39
3	44	21.21	1.17
3	45	1.58	1.17
3	46	24.05	1.19
3	47	2.25	1.19
3	48	17.41	1.04
3	49	0.90	1.04
3	50	26.77	0.90
3	51	1.79	0.90
3	52	26.09	0.97
3	53	2.02	0.97
3	54	23.61	0.60
3	55	1.42	0.60
3	56	21.18	1.16
3	57	1.52	1.16
3	58	18.74	1.31
3	59	1.67	1.31
4	4	19.78	0.98
4	5	1.69	0.98
4	6	26.09	1.16
4	7	2.22	1.16
4	8	23.85	1.44
4	9	2.18	1.44
4	10	38.86	0.51
4	11	2.78	0.51
4	12	25.51	1.14
4	13	2.01	1.14
4	14	15.83	0.99
4	15	1.18	0.99
4	16	23.82	1.25
4	17	2.19	1.25
4	18	20.87	1.31
4	19	1.84	1.31
4	20	20.79	1.34
4	21	1.85	1.34
4	22	28.23	1.19
4	23	2.56	1.19
4	24	21.82	0.94
4	25	0.92	0.94
4	26	41.30	0.76
4	27	3.32	0.76
4	28	26.80	1.45
4	29	2.53	1.45
4	30	28.26	1.01
4	31	3.04	1.01
4	32	25.11	1.22
4	33	2.45	1.22
4	34	26.24	1.12
4	35	2.09	1.12
4	36	27.98	1.27
4	37	2.92	1.27
4	38	27.31	0.70
4	39	2.26	0.70
4	40	18.80	1.10
4	41	1.40	1.10
4	42	27.44	0.91
4	43	1.79	0.91
4	44	31.41	0.80
4	45	1.85	0.80
4	46	24.06	1.03
4	47	1.62	1.03
4	48	28.93	0.69
4	49	2.27	0.69
4	50	27.74	1.05
4	51	1.94	1.05
4	52	13.08	1.15
4	53	0.88	1.15
4	54	20.29	1.01
4	55	1.49	1.01
4	56	25.21	1.04
4	57	2.33	1.04
4	58	23.48	0.93
4	59	1.61	0.93
5	4	26.48	0.97
5	5	2.83	0.97
5	6	20.02	1.12
5	7	1.88	1.12
5	8	25.01	1.04
5	9	2.19	1.04
5	10	25.37	0.48
5	11	1.21	0.48
5	12	16.58	1.27
5	13	1.19	1.27
5	14	20.76	1.09
5	15	1.69	1.09
5	16	23.97	1.11
5	17	2.26	1.11
5	18	24.65	1.38
5	19	2.41	1.38
5	20	24.53	1.04
5	21	1.85	1.04
5	22	28.11	1.27
5	23	1.91	1.27
5	24	14.92	1.09
5	25	1.24	1.09
5	26	20.37	1.11
5	27	1.98	1.11
5	28	24.83	0.88
5	29	2.83	0.88
5	30	22.57	0.97
5	31	1.86	0.97
5	32	20.60	1.04
5	33	1.66	1.04
5	34	19.98	1.17
5	35	1.49	1.17
5	36	25.00	1.24
5	37	2.15	1.24
5	38	26.25	1.30
5	39	2.34	1.30
5	40	23.40	1.19
5	41	1.49	1.19
5	42	26.10	1.31
5	43	2.27	1.31
5	44	27.46	0.75
5	45	2.34	0.75
5	46	29.47	1.16
5	47	2.46	1.16
5	48	21.01	1.11
5	49	1.69	1.11
5	50	20.44	1.17
5	51	2.07	1.17
5	52	21.39	1.02
5	53	1.76	1.02
5	54	23.48	1.16
5	55	1.82	1.16
5	56	21.61	0.91
5	57	1.76	0.91
5	58	24.31	1.08
5	59	2.01	1.08
6	4	25.56	1.10
6	5	2.16	1.10
6	6	27.58	0.82
6	7	2.00	0.82
6	8	21.28	1.17
6	9	1.96	1.17
6	10	24.72	0.70
6	11	1.65	0.70
6	12	21.69	1.12
6	13	2.39	1.12
6	14	30.82	1.04
6	15	2.83	1.04
6	16	20.79	1.08
6	17	1.71	1.08
6	18	22.42	1.04
6	19	1.78	1.04
6	20	22.96	0.99
6	21	1.96	0.99
6	22	21.50	1.12
6	23	1.90	1.12
6	24	21.08	0.86
6	25	1.31	0.86
6	26	27.47	1.31
6	27	2.55	1.31
6	28	23.54	1.12
6	29	1.88	1.12
6	30	23.39	1.11
6	31	1.22	1.11
6	32	21.65	1.11
6	33	1.77	1.11
6	34	25.01	0.94
6	35	1.90	0.94
6	36	24.95	1.01
6	37	2.38	1.01
6	38	24.37	1.28
6	39	2.57	1.28
6	40	23.86	1.04
6	41	1.63	1.04
6	42	25.10	1.24
6	43	1.99	1.24
6	44	25.57	0.95
6	45	1.69	0.95
6	46	30.44	0.73
6	47	1.85	0.73
6	48	17.26	1.25
6	49	1.31	1.25
6	50	29.73	1.15
6	51	2.68	1.15
6	52	28.76	1.11
6	53	2.38	1.11
6	54	28.71	1.16
6	55	2.44	1.16
6	56	24.62	0.94
6	57	1.52	0.94
6	58	31.40	1.24
6	59	2.47	1.24
7	4	24.82	0.99
7	5	2.24	0.99
7	6	21.55	1.21
7	7	1.67	1.21
7	8	19.87	0.81
7	9	1.19	0.81
7	10	28.84	0.41
7	11	1.36	0.41
7	12	15.67	1.18
7	13	0.95	1.18
7	14	22.83	1.06
7	15	1.53	1.06
7	16	18.53	1.16
7	17	1.38	1.16
7	18	31.45	0.94
7	19	3.05	0.94
7	20	24.66	1.31
7	21	1.82	1.31
7	22	27.52	1.00
7	23	2.41	1.00
7	24	22.23	0.82
7	25	1.58	0.82
7	26	27.13	0.88
7	27	2.40	0.88
7	28	20.07	1.22
7	29	1.73	1.22
7	30	25.43	1.01
7	31	2.31	1.01
7	32	23.54	1.02
7	33	1.93	1.02
7	34	18.53	1.06
7	35	0.96	1.06
7	36	26.75	1.01
7	37	1.62	1.01
7	38	25.28	1.11
7	39	1.47	1.11
7	40	22.79	1.20
7	41	2.07	1.20
7	42	27.91	1.03
7	43	1.84	1.03
7	44	24.33	1.05
7	45	1.44	1.05
7	46	20.62	1.21
7	47	1.85	1.21
7	48	22.60	1.34
7	49	1.50	1.34
7	50	19.92	1.02
7	51	1.10	1.02
7	52	18.57	1.00
7	53	0.97	1.00
7	54	25.83	0.86
7	55	1.94	0.86
7	56	16.70	0.90
7	57	0.76	0.90
7	58	23.91	1.18
7	59	1.90	1.18
8	4	27.14	0.94
8	5	2.95	0.94
8	6	26.34	1.03
8	7	2.47	1.03
8	8	35.68	0.58
8	9	2.89	0.58
8	10	19.64	1.14
8	11	1.76	1.14
8	12	24.56	1.20
8	13	2.52	1.20
8	14	25.12	0.59
8	15	1.39	0.59
8	16	27.18	1.04
8	17	2.67	1.04
8	18	24.83	0.67
8	19	1.76	0.67
8	20	20.68	1.02
8	21	1.66	1.02
8	22	21.41	1.12
8	23	2.13	1.12
8	24	18.08	1.15
8	25	1.52	1.15
8	26	21.90	1.13
8	27	1.90	1.13
8	28	21.86	0.99
8	29	2.04	0.99
8	30	29.08	1.09
8	31	2.47	1.09
8	32	24.12	0.73
8	33	1.82	0.73
8	34	28.60	1.06
8	35	2.40	1.06
8	36	22.73	0.81
8	37	1.65	0.81
8	38	19.83	0.86
8	39	1.31	0.86
8	40	20.26	1.20
8	41	1.49	1.20
8	42	25.86	1.01
8	43	2.14	1.01
8	44	29.26	1.44
8	45	2.90	1.44
8	46	19.93	0.96
8	47	1.29	0.96
8	48	31.13	1.00
8	49	2.83	1.00
8	50	24.17	0.69
8	51	1.78	0.69
8	52	29.10	1.08
8	53	2.22	1.08
8	54	20.01	1.04
8	55	1.64	1.04
8	56	27.81	1.28
8	57	2.31	1.28
8	58	29.65	1.08
8	59	2.47	1.08
9	4	25.30	1.06
9	5	1.68	1.06
9	6	25.97	1.01
9	7	2.69	1.01
9	8	23.58	1.29
9	9	2.08	1.29
9	10	21.07	0.97
9	11	1.08	0.97
9	12	21.05	1.36
9	13	1.55	1.36
9	14	18.48	1.22
9	15	1.71	1.22
9	16	26.87	1.20
9	17	2.35	1.20
9	18	28.75	1.12
9	19	2.29	1.12
9	20	28.40	0.74
9	21	2.47	0.74
9	22	22.53	0.97
9	23	1.69	0.97
9	24	16.95	1.32
9	25	0.96	1.32
9	26	26.40	0.96
9	27	2.79	0.96
9	28	21.30	1.27
9	29	1.86	1.27
9	30	20.29	1.17
9	31	1.26	1.17
9	32	29.53	1.29
9	33	2.36	1.29
9	34	29.08	1.03
9	35	2.54	1.03
9	36	20.66	0.98
9	37	1.51	0.98
9	38	24.22	1.03
9	39	1.75	1.03
9	40	21.66	1.26
9	41	1.79	1.26
9	42	24.11	1.11
9	43	2.07	1.11
9	44	28.34	0.96
9	45	3.42	0.96
9	46	17.83	1.30
9	47	1.22	1.30
9	48	33.37	0.47
9	49	1.96	0.47
9	50	31.33	1.11
9	51	3.16	1.11
9	52	20.53	0.94
9	53	1.32	0.94
9	54	27.18	0.77
9	55	1.40	0.77
9	56	25.28	1.17
9	57	2.64	1.17
9	58	25.25	1.19
9	59	1.72	1.19
10	0	27.13	1.22
10	1	1.86	1.22
10	4	20.54	1.18
10	5	1.32	1.18
10	6	23.85	1.29
10	7	2.50	1.29
10	8	22.18	1.08
10	9	1.72	1.08
10	10	21.31	1.08
10	11	1.58	1.08
10	14	20.58	1.26
10	15	1.50	1.26
10	16	17.79	1.24
10	17	1.74	1.24
10	18	30.76	1.00
10	19	3.10	1.00
10	20	27.91	1.31
10	21	2.85	1.31
10	22	22.31	1.29
10	23	2.07	1.29
10	24	22.26	1.07
10	25	2.05	1.07
10	26	23.74	1.05
10	27	1.52	1.05
10	28	22.25	1.17
10	29	1.90	1.17
10	30	22.24	1.22
10	31	1.72	1.22
10	32	16.77	1.06
10	33	1.25	1.06
10	34	17.22	1.25
10	35	1.06	1.25
10	36	26.54	1.08
10	37	2.29	1.08
10	38	28.92	0.49
10	39	1.23	0.49
10	40	33.32	1.02
10	41	2.77	1.02
10	42	22.41	1.00
10	43	1.29	1.00
10	44	26.21	1.00
10	45	2.14	1.00
10	46	23.68	1.07
10	47	1.96	1.07
10	48	24.39	0.96
10	49	1.59	0.96
10	50	25.55	1.15
10	51	1.63	1.15
10	52	25.16	1.28
10	53	2.04	1.28
10	54	52.81	1.24
10	55	-1.00	1.24
10	56	24.19	0.99
10	57	1.69	0.99
10	58	24.18	1.18
10	59	1.85	1.18
11	4	17.33	1.27
11	5	1.58	1.27
11	6	19.27	1.42
11	7	1.89	1.42
11	8	25.33	0.85
11	9	2.45	0.85
11	10	25.26	1.38
11	11	1.94	1.38
11	12	20.27	1.23
11	13	1.41	1.23
11	14	19.41	1.32
11	15	1.58	1.32
11	16	24.48	1.49
11	17	1.79	1.49
11	18	23.44	1.17
11	19	1.38	1.17
11	20	25.65	1.13
11	21	1.99	1.13
11	22	20.18	1.31
11	23	2.09	1.31
11	24	22.40	1.05
11	25	1.89	1.05
11	26	21.43	1.04
11	27	1.60	1.04
11	28	22.93	0.96
11	29	1.26	0.96
11	30	19.70	1.21
11	31	1.32	1.21
11	32	19.01	1.34
11	33	1.47	1.34
11	34	23.53	1.18
11	35	2.21	1.18
11	36	28.81	1.34
11	37	2.61	1.34
11	38	21.97	1.21
11	39	1.19	1.21
11	40	25.73	0.89
11	41	1.69	0.89
11	42	23.27	1.18
11	43	2.00	1.18
11	44	19.04	1.22
11	45	1.50	1.22
11	46	31.07	0.81
11	47	1.67	0.81
11	48	23.82	1.22
11	49	2.35	1.22
11	50	19.05	1.18
11	51	1.01	1.18
11	52	-1.00	-1.00
11	53	-1.00	-1.00
11	54	27.14	1.20
11	55	1.79	1.20
11	56	40.64	1.12
11	57	3.83	1.12
11	58	26.82	0.99
11	59	1.80	0.99
12	4	28.96	1.41
12	5	2.36	1.41
12	6	37.67	1.32
12	7	3.69	1.32
12	8	26.43	0.96
12	9	1.87	0.96
12	10	17.64	1.11
12	11	1.25	1.11
12	12	20.39	1.29
12	13	1.59	1.29
12	14	18.84	1.05
12	15	1.32	1.05
12	16	26.06	0.90
12	17	1.82	0.90
12	18	21.01	1.35
12	19	1.49	1.35
12	20	31.20	0.80
12	21	2.55	0.80
12	22	19.97	1.24
12	23	1.44	1.24
12	24	30.27	0.98
12	25	2.75	0.98
12	26	30.00	0.72
12	27	1.82	0.72
12	28	17.50	0.75
12	29	0.31	0.75
12	30	26.50	0.93
12	31	1.56	0.93
12	32	23.19	1.21
12	33	1.66	1.21
12	34	24.14	1.05
12	35	1.75	1.05
12	36	35.91	1.24
12	37	4.21	1.24
12	38	40.31	0.50
12	39	1.24	0.50
12	40	24.80	1.36
12	41	1.58	1.36
12	42	23.92	1.17
12	43	1.58	1.17
12	44	35.04	0.52
12	45	2.17	0.52
12	46	28.45	1.22
12	47	1.69	1.22
12	48	33.13	0.40
12	49	0.79	0.40
12	50	21.28	0.98
12	51	1.85	0.98
12	52	33.13	0.68
12	53	1.76	0.68
12	54	28.10	0.88
12	55	1.31	0.88
12	56	29.79	1.28
12	57	3.25	1.28
12	58	30.61	0.90
12	59	2.48	0.90
13	4	29.69	0.89
13	5	2.01	0.89
13	6	17.54	1.00
13	7	1.26	1.00
13	8	27.87	0.87
13	9	2.45	0.87
13	10	23.20	0.80
13	11	2.11	0.80
13	12	23.76	1.18
13	13	1.92	1.18
13	14	23.64	1.23
13	15	1.44	1.23
13	16	19.82	1.18
13	17	1.38	1.18
13	18	22.28	1.05
13	19	1.95	1.05
13	20	23.45	0.97
13	21	1.14	0.97
13	22	20.23	1.01
13	23	1.86	1.01
13	24	21.08	0.68
13	25	1.23	0.68
13	26	21.62	1.19
13	27	1.34	1.19
13	28	27.33	0.87
13	29	2.81	0.87
13	30	23.44	0.96
13	31	1.30	0.96
13	32	20.97	0.92
13	33	1.80	0.92
13	34	23.67	1.31
13	35	1.70	1.31
13	36	26.03	1.02
13	37	2.22	1.02
13	38	30.42	1.29
13	39	3.13	1.29
13	40	25.07	0.82
13	41	1.75	0.82
13	42	25.41	1.18
13	43	2.40	1.18
13	44	25.87	0.87
13	45	2.22	0.87
13	46	21.11	0.86
13	47	1.50	0.86
13	48	22.57	0.99
13	49	2.03	0.99
13	50	21.58	0.82
13	51	1.35	0.82
13	52	26.60	1.03
13	53	1.74	1.03
13	54	22.46	1.18
13	55	1.64	1.18
13	56	23.55	0.80
13	57	1.73	0.80
13	58	17.23	1.29
13	59	0.91	1.29
14	2	20.33	1.15
14	3	2.20	1.15
14	4	33.14	1.14
14	5	3.26	1.14
14	6	26.87	0.78
14	7	2.38	0.78
14	8	27.81	0.61
14	9	1.44	0.61
14	10	28.70	0.73
14	11	2.23	0.73
14	12	23.79	1.06
14	13	2.25	1.06
14	14	22.26	1.08
14	15	2.23	1.08
14	16	23.27	0.81
14	17	2.03	0.81
14	18	22.03	0.87
14	19	1.97	0.87
14	20	18.41	0.97
14	21	1.43	0.97
14	24	30.92	1.01
14	25	2.61	1.01
14	26	19.06	1.09
14	27	1.86	1.09
14	28	36.01	0.79
14	29	2.78	0.79
14	30	22.34	0.84
14	31	1.91	0.84
14	32	20.41	0.89
14	33	0.96	0.89
14	34	24.09	0.87
14	35	1.75	0.87
14	36	26.50	0.97
14	37	2.11	0.97
14	38	23.20	1.24
14	39	1.62	1.24
14	40	26.14	1.34
14	41	2.67	1.34
14	42	24.66	0.96
14	43	1.86	0.96
14	44	21.68	1.06
14	45	1.52	1.06
14	46	23.40	1.06
14	47	1.84	1.06
14	48	28.78	0.81
14	49	1.90	0.81
14	50	20.86	1.07
14	51	1.86	1.07
14	52	20.81	1.03
14	53	1.77	1.03
14	54	18.35	1.09
14	55	1.72	1.09
14	56	22.81	0.79
14	57	2.14	0.79
14	58	26.70	0.92
14	59	2.01	0.92
15	4	23.41	0.89
15	5	2.32	0.89
15	6	20.79	0.86
15	7	1.46	0.86
15	8	22.30	0.95
15	9	1.57	0.95
15	10	23.79	1.11
15	11	1.73	1.11
15	12	28.04	1.06
15	13	2.93	1.06
15	14	22.16	0.83
15	15	1.58	0.83
15	16	28.69	1.16
15	17	2.26	1.16
15	18	27.49	0.87
15	19	2.27	0.87
15	20	24.07	1.11
15	21	1.90	1.11
15	22	22.54	0.91
15	23	2.43	0.91
15	24	18.52	0.56
15	25	0.44	0.56
15	26	30.69	0.96
15	27	2.28	0.96
15	28	25.03	0.92
15	29	1.61	0.92
15	30	24.39	1.19
15	31	2.78	1.19
15	32	21.62	1.05
15	33	1.59	1.05
15	34	32.93	0.66
15	35	2.94	0.66
15	36	25.67	0.86
15	37	2.46	0.86
15	38	21.04	1.34
15	39	1.96	1.34
15	40	26.60	1.05
15	41	1.94	1.05
15	42	28.62	0.93
15	43	2.29	0.93
15	44	23.37	0.98
15	45	1.66	0.98
15	46	31.18	1.01
15	47	2.96	1.01
15	48	34.87	0.97
15	49	2.35	0.97
15	50	38.21	0.69
15	51	3.39	0.69
15	52	24.51	1.11
15	53	1.73	1.11
15	54	27.21	0.61
15	55	0.88	0.61
15	56	34.28	0.98
15	57	2.63	0.98
15	58	35.20	0.79
15	59	2.66	0.79
16	4	25.74	0.85
16	5	2.21	0.85
16	6	28.37	1.00
16	7	2.69	1.00
16	8	24.01	0.94
16	9	1.93	0.94
16	10	-0.51	-1.00
16	11	-1.00	-1.00
16	12	19.61	1.12
16	13	1.92	1.12
16	14	26.72	1.29
16	15	2.40	1.29
16	16	35.54	1.13
16	17	3.12	1.13
16	18	21.58	1.45
16	19	1.86	1.45
16	20	25.24	1.02
16	21	2.52	1.02
16	22	35.42	0.93
16	23	4.25	0.93
16	24	21.29	0.84
16	25	1.79	0.84
16	26	29.97	1.13
16	27	2.84	1.13
16	28	21.61	1.16
16	29	1.66	1.16
16	30	28.57	1.13
16	31	2.02	1.13
16	32	30.79	0.90
16	33	2.41	0.90
16	34	45.76	1.11
16	35	3.33	1.11
16	36	29.13	0.96
16	37	2.68	0.96
16	38	30.44	0.97
16	39	2.74	0.97
16	40	25.15	1.17
16	41	1.94	1.17
16	42	35.41	1.16
16	43	3.64	1.16
16	44	29.42	0.72
16	45	2.21	0.72
16	46	24.39	0.83
16	47	1.90	0.83
16	48	27.14	0.61
16	49	1.78	0.61
16	50	17.33	1.09
16	51	1.19	1.09
16	52	26.67	0.96
16	53	2.05	0.96
16	54	24.37	0.57
16	55	1.23	0.57
16	56	32.03	0.94
16	57	3.17	0.94
16	58	27.91	0.97
16	59	2.93	0.97
17	2	28.64	0.90
17	3	2.25	0.90
17	4	27.10	0.81
17	5	2.46	0.81
17	6	36.17	1.05
17	7	3.37	1.05
17	8	24.81	1.19
17	9	1.79	1.19
17	10	25.02	0.83
17	11	2.12	0.83
17	12	31.29	0.67
17	13	3.26	0.67
17	14	25.03	1.17
17	15	2.21	1.17
17	16	22.74	0.93
17	17	1.79	0.93
17	18	29.01	1.01
17	19	2.69	1.01
17	20	28.04	1.06
17	21	2.90	1.06
17	24	23.84	0.73
17	25	2.29	0.73
17	26	25.17	0.80
17	27	1.80	0.80
17	28	26.73	1.00
17	29	2.92	1.00
17	30	22.38	0.49
17	31	0.91	0.49
17	32	26.87	1.23
17	33	2.29	1.23
17	34	22.54	1.02
17	35	1.92	1.02
17	36	25.90	0.89
17	37	2.21	0.89
17	38	38.46	0.61
17	39	3.25	0.61
17	40	25.58	0.90
17	41	1.77	0.90
17	42	31.01	0.78
17	43	2.85	0.78
17	44	27.48	0.99
17	45	2.04	0.99
17	46	35.40	0.62
17	47	3.21	0.62
17	48	24.72	1.06
17	49	1.69	1.06
17	50	36.91	0.41
17	51	1.44	0.41
17	52	24.16	0.90
17	53	1.63	0.90
17	54	29.76	0.99
17	55	3.08	0.99
17	56	24.97	0.81
17	57	2.22	0.81
17	58	39.37	0.63
17	59	2.57	0.63
18	4	19.01	0.56
18	5	0.88	0.56
18	6	29.04	1.06
18	7	2.38	1.06
18	8	30.00	1.30
18	9	2.76	1.30
18	10	29.52	0.76
18	11	2.69	0.76
18	12	27.18	0.93
18	13	2.10	0.93
18	14	21.43	0.89
18	15	1.49	0.89
18	16	24.39	1.07
18	17	1.57	1.07
18	18	24.49	1.08
18	19	2.16	1.08
18	20	22.17	1.06
18	21	1.49	1.06
18	22	38.89	1.23
18	23	3.38	1.23
18	24	27.47	1.00
18	25	2.04	1.00
18	26	31.02	0.68
18	27	1.91	0.68
18	28	21.38	0.97
18	29	1.62	0.97
18	30	24.96	0.83
18	31	2.09	0.83
18	32	36.77	1.16
18	33	3.04	1.16
18	34	24.34	1.20
18	35	1.97	1.20
18	36	33.72	1.26
18	37	2.93	1.26
18	38	31.97	0.80
18	39	2.06	0.80
18	40	23.66	0.72
18	41	1.72	0.72
18	42	21.83	0.80
18	43	1.47	0.80
18	44	16.17	1.32
18	45	1.22	1.32
18	46	21.91	0.87
18	47	1.01	0.87
18	48	25.00	0.73
18	49	1.43	0.73
18	50	30.41	0.75
18	51	2.13	0.75
18	52	19.47	1.36
18	53	1.67	1.36
18	54	31.27	1.13
18	55	2.66	1.13
18	56	25.87	0.71
18	57	1.10	0.71
18	58	31.57	1.13
18	59	2.59	1.13
19	4	21.36	1.12
19	5	1.80	1.12
19	6	31.47	1.04
19	7	2.86	1.04
19	8	24.84	0.52
19	9	1.28	0.52
19	10	24.15	0.87
19	11	1.86	0.87
19	12	28.32	0.99
19	13	2.54	0.99
19	14	33.31	1.07
19	15	3.58	1.07
19	16	31.91	1.06
19	17	3.11	1.06
19	18	32.31	0.85
19	19	2.53	0.85
19	20	30.92	1.29
19	21	3.00	1.29
19	22	27.89	1.10
19	23	3.13	1.10
19	24	22.92	0.66
19	25	2.08	0.66
19	26	24.61	0.77
19	27	1.52	0.77
19	28	23.22	0.60
19	29	1.66	0.60
19	30	26.13	0.51
19	31	0.85	0.51
19	32	23.69	0.84
19	33	1.99	0.84
19	34	31.64	1.12
19	35	3.53	1.12
19	36	27.19	0.97
19	37	2.31	0.97
19	38	-1.00	-1.00
19	39	-1.00	-1.00
19	40	26.59	0.70
19	41	1.66	0.70
19	42	-1.00	-1.00
19	43	-1.00	-1.00
19	44	43.53	0.82
19	45	5.27	0.82
19	46	39.29	0.74
19	47	2.69	0.74
19	48	37.43	0.26
19	49	2.06	0.26
19	50	33.64	1.06
19	51	3.47	1.06
19	52	37.41	0.94
19	53	3.20	0.94
19	54	31.49	0.92
19	55	2.35	0.92
19	56	23.01	0.84
19	57	1.96	0.84
19	58	44.89	0.54
19	59	3.25	0.54
20	4	25.85	1.10
20	5	2.20	1.10
20	6	19.22	0.84
20	7	1.48	0.84
20	8	27.54	0.73
20	9	1.80	0.73
20	10	27.95	0.97
20	11	3.24	0.97
20	12	31.55	0.66
20	13	2.54	0.66
20	14	25.66	0.94
20	15	2.43	0.94
20	16	27.73	1.19
20	17	2.94	1.19
20	18	39.68	0.90
20	19	4.03	0.90
20	20	22.59	1.08
20	21	2.26	1.08
20	22	33.47	0.89
20	23	3.21	0.89
20	24	31.75	1.05
20	25	2.83	1.05
20	26	29.49	1.06
20	27	2.68	1.06
20	28	34.75	0.40
20	29	1.55	0.40
20	30	28.05	0.64
20	31	1.95	0.64
20	32	44.54	0.62
20	33	3.45	0.62
20	36	25.51	0.94
20	37	2.93	0.94
20	40	29.25	0.88
20	41	2.39	0.88
20	44	36.96	0.45
20	45	2.22	0.45
20	48	43.40	0.55
20	49	4.11	0.55
20	52	44.65	0.37
20	53	4.18	0.37
20	56	36.88	1.01
20	57	4.30	1.01
21	6	26.70	0.97
21	7	2.17	0.97
21	10	24.48	0.97
21	11	2.52	0.97
21	14	28.13	0.90
21	15	2.21	0.90
21	18	34.85	0.92
21	19	3.48	0.92
21	22	23.20	0.58
21	23	1.36	0.58
21	26	35.69	0.24
21	27	1.23	0.24
21	30	38.55	0.61
21	31	3.45	0.61
21	32	21.54	0.98
21	33	2.17	0.98
21	34	23.17	0.95
21	35	1.99	0.95
21	36	45.50	0.65
21	37	3.45	0.65
21	38	25.75	0.87
21	39	2.24	0.87
21	40	36.70	0.54
21	41	2.53	0.54
21	42	33.62	0.74
21	43	2.48	0.74
21	44	33.00	0.72
21	45	2.48	0.72
21	46	29.90	0.79
21	47	2.26	0.79
21	48	34.76	0.86
21	49	2.72	0.86
21	50	32.02	0.68
21	51	2.64	0.68
21	52	31.55	0.70
21	53	2.22	0.70
21	54	33.74	1.17
21	55	3.81	1.17
21	56	30.53	0.63
21	57	2.45	0.63
21	58	37.65	0.42
21	59	2.27	0.42
22	6	35.68	0.79
22	7	3.66	0.79
22	10	21.73	0.85
22	11	1.89	0.85
22	14	24.07	0.89
22	15	2.42	0.89
22	18	26.53	0.99
22	19	2.35	0.99
22	22	21.78	0.88
22	23	1.83	0.88
22	26	33.79	0.85
22	27	3.19	0.85
22	30	36.25	0.59
22	31	3.34	0.59
22	32	27.99	1.09
22	33	2.75	1.09
22	34	36.07	0.73
22	35	3.28	0.73
22	36	28.62	0.88
22	37	2.81	0.88
22	38	32.79	1.06
22	39	2.45	1.06
22	40	46.47	0.39
22	41	3.31	0.39
22	42	29.48	0.72
22	43	1.46	0.72
22	44	38.02	0.85
22	45	3.63	0.85
22	46	34.32	0.75
22	47	3.55	0.75
22	48	28.49	0.64
22	49	2.97	0.64
22	50	31.61	0.70
22	51	2.50	0.70
22	52	34.61	0.83
22	53	2.87	0.83
22	54	39.49	0.83
22	55	4.00	0.83
22	56	28.78	0.57
22	57	1.85	0.57
22	58	28.82	0.84
22	59	2.69	0.84
