1 4 25.0 1.0
1 5 3.0 1.0
1 6 25.0 1.0
1 7 3.0 1.0
1 8 25.0 1.0
1 9 3.0 1.0
1 10 25.0 1.0
1 11 3.0 1.0
1 12 25.0 1.0
1 13 3.0 1.0
1 14 25.0 1.0
1 15 3.0 1.0
1 16 25.0 1.0
1 17 3.0 1.0
1 18 25.0 1.0
1 19 3.0 1.0
1 20 25.0 1.0
1 21 3.0 1.0
1 22 25.0 1.0
1 23 3.0 1.0
1 24 25.0 1.0
1 25 3.0 1.0
1 26 25.0 1.0
1 27 3.0 1.0
1 28 25.0 1.0
1 29 3.0 1.0
1 30 25.0 1.0
1 31 3.0 1.0
1 32 25.0 1.0
1 33 3.0 1.0
1 34 25.0 1.0
1 35 3.0 1.0
1 36 25.0 1.0
1 37 3.0 1.0
1 38 25.0 1.0
1 39 3.0 1.0
1 40 25.0 1.0
1 41 3.0 1.0
1 42 25.0 1.0
1 43 3.0 1.0
1 44 25.0 1.0
1 45 3.0 1.0
1 46 25.0 1.0
1 47 3.0 1.0
1 48 25.0 1.0
1 49 3.0 1.0
1 50 25.0 1.0
1 51 3.0 1.0
1 52 25.0 1.0
1 53 3.0 1.0
1 54 25.0 1.0
1 55 3.0 1.0
1 56 25.0 1.0
1 57 3.0 1.0
1 58 25.0 1.0
1 59 3.0 1.0
2 4 25.0 1.0
2 5 3.0 1.0
2 6 25.0 1.0
2 7 3.0 1.0
2 8 25.0 1.0
2 9 3.0 1.0
2 10 25.0 1.0
2 11 3.0 1.0
2 12 25.0 1.0
2 13 3.0 1.0
2 14 25.0 1.0
2 15 3.0 1.0
2 16 25.0 1.0
2 17 3.0 1.0
2 18 25.0 1.0
2 19 3.0 1.0
2 20 25.0 1.0
2 21 3.0 1.0
2 22 25.0 1.0
2 23 3.0 1.0
2 24 25.0 1.0
2 25 3.0 1.0
2 26 25.0 1.0
2 27 3.0 1.0
2 28 25.0 1.0
2 29 3.0 1.0
2 30 25.0 1.0
2 31 3.0 1.0
2 32 25.0 1.0
2 33 3.0 1.0
2 34 25.0 1.0
2 35 3.0 1.0
2 36 25.0 1.0
2 37 3.0 1.0
2 38 25.0 1.0
2 39 3.0 1.0
2 40 25.0 1.0
2 41 3.0 1.0
2 42 25.0 1.0
2 43 3.0 1.0
2 44 25.0 1.0
2 45 3.0 1.0
2 46 25.0 1.0
2 47 3.0 1.0
2 48 25.0 1.0
2 49 3.0 1.0
2 50 25.0 1.0
2 51 3.0 1.0
2 52 25.0 1.0
2 53 3.0 1.0
2 54 25.0 1.0
2 55 3.0 1.0
2 56 25.0 1.0
2 57 3.0 1.0
2 58 25.0 1.0
2 59 3.0 1.0
3 4 25.0 1.0
3 5 3.0 1.0
3 6 25.0 1.0
3 7 3.0 1.0
3 8 25.0 1.0
3 9 3.0 1.0
3 10 25.0 1.0
3 11 3.0 1.0
3 12 25.0 1.0
3 13 3.0 1.0
3 14 25.0 1.0
3 15 3.0 1.0
3 16 25.0 1.0
3 17 3.0 1.0
3 18 25.0 1.0
3 19 3.0 1.0
3 20 25.0 1.0
3 21 3.0 1.0
3 22 25.0 1.0
3 23 3.0 1.0
3 24 25.0 1.0
3 25 3.0 1.0
3 26 25.0 1.0
3 27 3.0 1.0
3 28 25.0 1.0
3 29 3.0 1.0
3 30 25.0 1.0
3 31 3.0 1.0
3 32 25.0 1.0
3 33 3.0 1.0
3 34 25.0 1.0
3 35 3.0 1.0
3 36 25.0 1.0
3 37 3.0 1.0
3 38 25.0 1.0
3 39 3.0 1.0
3 40 25.0 1.0
3 41 3.0 1.0
3 42 25.0 1.0
3 43 3.0 1.0
3 44 25.0 1.0
3 45 3.0 1.0
3 46 25.0 1.0
3 47 3.0 1.0
3 48 25.0 1.0
3 49 3.0 1.0
3 50 25.0 1.0
3 51 3.0 1.0
3 52 25.0 1.0
3 53 3.0 1.0
3 54 25.0 1.0
3 55 3.0 1.0
3 56 25.0 1.0
3 57 3.0 1.0
3 58 25.0 1.0
3 59 3.0 1.0
4 4 25.0 1.0
4 5 3.0 1.0
4 6 25.0 1.0
4 7 3.0 1.0
4 8 25.0 1.0
4 9 3.0 1.0
4 10 25.0 1.0
4 11 3.0 1.0
4 12 25.0 1.0
4 13 3.0 1.0
4 14 25.0 1.0
4 15 3.0 1.0
4 16 25.0 1.0
4 17 3.0 1.0
4 18 25.0 1.0
4 19 3.0 1.0
4 20 25.0 1.0
4 21 3.0 1.0
4 22 25.0 1.0
4 23 3.0 1.0
4 24 25.0 1.0
4 25 3.0 1.0
4 26 25.0 1.0
4 27 3.0 1.0
4 28 25.0 1.0
4 29 3.0 1.0
4 30 25.0 1.0
4 31 3.0 1.0
4 32 25.0 1.0
4 33 3.0 1.0
4 34 25.0 1.0
4 35 3.0 1.0
4 36 25.0 1.0
4 37 3.0 1.0
4 38 25.0 1.0
4 39 3.0 1.0
4 40 25.0 1.0
4 41 3.0 1.0
4 42 25.0 1.0
4 43 3.0 1.0
4 44 25.0 1.0
4 45 3.0 1.0
4 46 25.0 1.0
4 47 3.0 1.0
4 48 25.0 1.0
4 49 3.0 1.0
4 50 25.0 1.0
4 51 3.0 1.0
4 52 25.0 1.0
4 53 3.0 1.0
4 54 25.0 1.0
4 55 3.0 1.0
4 56 25.0 1.0
4 57 3.0 1.0
4 58 25.0 1.0
4 59 3.0 1.0
5 4 25.0 1.0
5 5 3.0 1.0
5 6 25.0 1.0
5 7 3.0 1.0
5 8 25.0 1.0
5 9 3.0 1.0
5 10 25.0 1.0
5 11 3.0 1.0
5 12 25.0 1.0
5 13 3.0 1.0
5 14 25.0 1.0
5 15 3.0 1.0
5 16 25.0 1.0
5 17 3.0 1.0
5 18 25.0 1.0
5 19 3.0 1.0
5 20 25.0 1.0
5 21 3.0 1.0
5 22 25.0 1.0
5 23 3.0 1.0
5 24 25.0 1.0
5 25 3.0 1.0
5 26 25.0 1.0
5 27 3.0 1.0
5 28 25.0 1.0
5 29 3.0 1.0
5 30 25.0 1.0
5 31 3.0 1.0
5 32 25.0 1.0
5 33 3.0 1.0
5 34 25.0 1.0
5 35 3.0 1.0
5 36 25.0 1.0
5 37 3.0 1.0
5 38 25.0 1.0
5 39 3.0 1.0
5 40 25.0 1.0
5 41 3.0 1.0
5 42 25.0 1.0
5 43 3.0 1.0
5 44 25.0 1.0
5 45 3.0 1.0
5 46 25.0 1.0
5 47 3.0 1.0
5 48 25.0 1.0
5 49 3.0 1.0
5 50 25.0 1.0
5 51 3.0 1.0
5 52 25.0 1.0
5 53 3.0 1.0
5 54 25.0 1.0
5 55 3.0 1.0
5 56 25.0 1.0
5 57 3.0 1.0
5 58 25.0 1.0
5 59 3.0 1.0
6 4 25.0 1.0
6 5 3.0 1.0
6 6 25.0 1.0
6 7 3.0 1.0
6 8 25.0 1.0
6 9 3.0 1.0
6 10 25.0 1.0
6 11 3.0 1.0
6 12 25.0 1.0
6 13 3.0 1.0
6 14 25.0 1.0
6 15 3.0 1.0
6 16 25.0 1.0
6 17 3.0 1.0
6 18 25.0 1.0
6 19 3.0 1.0
6 20 25.0 1.0
6 21 3.0 1.0
6 22 25.0 1.0
6 23 3.0 1.0
6 24 25.0 1.0
6 25 3.0 1.0
6 26 25.0 1.0
6 27 3.0 1.0
6 28 25.0 1.0
6 29 3.0 1.0
6 30 25.0 1.0
6 31 3.0 1.0
6 32 25.0 1.0
6 33 3.0 1.0
6 34 25.0 1.0
6 35 3.0 1.0
6 36 25.0 1.0
6 37 3.0 1.0
6 38 25.0 1.0
6 39 3.0 1.0
6 40 25.0 1.0
6 41 3.0 1.0
6 42 25.0 1.0
6 43 3.0 1.0
6 44 25.0 1.0
6 45 3.0 1.0
6 46 25.0 1.0
6 47 3.0 1.0
6 48 25.0 1.0
6 49 3.0 1.0
6 50 25.0 1.0
6 51 3.0 1.0
6 52 25.0 1.0
6 53 3.0 1.0
6 54 25.0 1.0
6 55 3.0 1.0
6 56 25.0 1.0
6 57 3.0 1.0
6 58 25.0 1.0
6 59 3.0 1.0
7 4 25.0 1.0
7 5 3.0 1.0
7 6 25.0 1.0
7 7 3.0 1.0
7 8 25.0 1.0
7 9 3.0 1.0
7 10 25.0 1.0
7 11 3.0 1.0
7 12 25.0 1.0
7 13 3.0 1.0
7 14 25.0 1.0
7 15 3.0 1.0
7 16 25.0 1.0
7 17 3.0 1.0
7 18 25.0 1.0
7 19 3.0 1.0
7 20 25.0 1.0
7 21 3.0 1.0
7 22 25.0 1.0
7 23 3.0 1.0
7 24 25.0 1.0
7 25 3.0 1.0
7 26 25.0 1.0
7 27 3.0 1.0
7 28 25.0 1.0
7 29 3.0 1.0
7 30 25.0 1.0
7 31 3.0 1.0
7 32 25.0 1.0
7 33 3.0 1.0
7 34 25.0 1.0
7 35 3.0 1.0
7 36 25.0 1.0
7 37 3.0 1.0
7 38 25.0 1.0
7 39 3.0 1.0
7 40 25.0 1.0
7 41 3.0 1.0
7 42 25.0 1.0
7 43 3.0 1.0
7 44 25.0 1.0
7 45 3.0 1.0
7 46 25.0 1.0
7 47 3.0 1.0
7 48 25.0 1.0
7 49 3.0 1.0
7 50 25.0 1.0
7 51 3.0 1.0
7 52 25.0 1.0
7 53 3.0 1.0
7 54 25.0 1.0
7 55 3.0 1.0
7 56 25.0 1.0
7 57 3.0 1.0
7 58 25.0 1.0
7 59 3.0 1.0
8 4 25.0 1.0
8 5 3.0 1.0
8 6 25.0 1.0
8 7 3.0 1.0
8 8 25.0 1.0
8 9 3.0 1.0
8 10 25.0 1.0
8 11 3.0 1.0
8 12 25.0 1.0
8 13 3.0 1.0
8 14 25.0 1.0
8 15 3.0 1.0
8 16 25.0 1.0
8 17 3.0 1.0
8 18 25.0 1.0
8 19 3.0 1.0
8 20 25.0 1.0
8 21 3.0 1.0
8 22 25.0 1.0
8 23 3.0 1.0
8 24 25.0 1.0
8 25 3.0 1.0
8 26 25.0 1.0
8 27 3.0 1.0
8 28 25.0 1.0
8 29 3.0 1.0
8 30 25.0 1.0
8 31 3.0 1.0
8 32 25.0 1.0
8 33 3.0 1.0
8 34 25.0 1.0
8 35 3.0 1.0
8 36 25.0 1.0
8 37 3.0 1.0
8 38 25.0 1.0
8 39 3.0 1.0
8 40 25.0 1.0
8 41 3.0 1.0
8 42 25.0 1.0
8 43 3.0 1.0
8 44 25.0 1.0
8 45 3.0 1.0
8 46 25.0 1.0
8 47 3.0 1.0
8 48 25.0 1.0
8 49 3.0 1.0
8 50 25.0 1.0
8 51 3.0 1.0
8 52 25.0 1.0
8 53 3.0 1.0
8 54 25.0 1.0
8 55 3.0 1.0
8 56 25.0 1.0
8 57 3.0 1.0
8 58 25.0 1.0
8 59 3.0 1.0
9 4 25.0 1.0
9 5 3.0 1.0
9 6 25.0 1.0
9 7 3.0 1.0
9 8 25.0 1.0
9 9 3.0 1.0
9 10 25.0 1.0
9 11 3.0 1.0
9 12 25.0 1.0
9 13 3.0 1.0
9 14 25.0 1.0
9 15 3.0 1.0
9 16 25.0 1.0
9 17 3.0 1.0
9 18 25.0 1.0
9 19 3.0 1.0
9 20 25.0 1.0
9 21 3.0 1.0
9 22 25.0 1.0
9 23 3.0 1.0
9 24 25.0 1.0
9 25 3.0 1.0
9 26 25.0 1.0
9 27 3.0 1.0
9 28 25.0 1.0
9 29 3.0 1.0
9 30 25.0 1.0
9 31 3.0 1.0
9 32 25.0 1.0
9 33 3.0 1.0
9 34 25.0 1.0
9 35 3.0 1.0
9 36 25.0 1.0
9 37 3.0 1.0
9 38 25.0 1.0
9 39 3.0 1.0
9 40 25.0 1.0
9 41 3.0 1.0
9 42 25.0 1.0
9 43 3.0 1.0
9 44 25.0 1.0
9 45 3.0 1.0
9 46 25.0 1.0
9 47 3.0 1.0
9 48 25.0 1.0
9 49 3.0 1.0
9 50 25.0 1.0
9 51 3.0 1.0
9 52 25.0 1.0
9 53 3.0 1.0
9 54 25.0 1.0
9 55 3.0 1.0
9 56 25.0 1.0
9 57 3.0 1.0
9 58 25.0 1.0
9 59 3.0 1.0
10 4 25.0 1.0
10 5 3.0 1.0
10 6 25.0 1.0
10 7 3.0 1.0
10 8 25.0 1.0
10 9 3.0 1.0
10 10 25.0 1.0
10 11 3.0 1.0
10 12 25.0 1.0
10 13 3.0 1.0
10 14 25.0 1.0
10 15 3.0 1.0
10 16 25.0 1.0
10 17 3.0 1.0
10 18 25.0 1.0
10 19 3.0 1.0
10 20 25.0 1.0
10 21 3.0 1.0
10 22 25.0 1.0
10 23 3.0 1.0
10 24 25.0 1.0
10 25 3.0 1.0
10 26 25.0 1.0
10 27 3.0 1.0
10 28 25.0 1.0
10 29 3.0 1.0
10 30 25.0 1.0
10 31 3.0 1.0
10 32 25.0 1.0
10 33 3.0 1.0
10 34 25.0 1.0
10 35 3.0 1.0
10 36 25.0 1.0
10 37 3.0 1.0
10 38 25.0 1.0
10 39 3.0 1.0
10 40 25.0 1.0
10 41 3.0 1.0
10 42 25.0 1.0
10 43 3.0 1.0
10 44 25.0 1.0
10 45 3.0 1.0
10 46 25.0 1.0
10 47 3.0 1.0
10 48 25.0 1.0
10 49 3.0 1.0
10 50 25.0 1.0
10 51 3.0 1.0
10 52 25.0 1.0
10 53 3.0 1.0
10 54 25.0 1.0
10 55 3.0 1.0
10 56 25.0 1.0
10 57 3.0 1.0
10 58 25.0 1.0
10 59 3.0 1.0
11 4 25.0 1.0
11 5 3.0 1.0
11 6 25.0 1.0
11 7 3.0 1.0
11 8 25.0 1.0
11 9 3.0 1.0
11 10 25.0 1.0
11 11 3.0 1.0
11 12 25.0 1.0
11 13 3.0 1.0
11 14 25.0 1.0
11 15 3.0 1.0
11 16 25.0 1.0
11 17 3.0 1.0
11 18 25.0 1.0
11 19 3.0 1.0
11 20 25.0 1.0
11 21 3.0 1.0
11 22 25.0 1.0
11 23 3.0 1.0
11 24 25.0 1.0
11 25 3.0 1.0
11 26 25.0 1.0
11 27 3.0 1.0
11 28 25.0 1.0
11 29 3.0 1.0
11 30 25.0 1.0
11 31 3.0 1.0
11 32 25.0 1.0
11 33 3.0 1.0
11 34 25.0 1.0
11 35 3.0 1.0
11 36 25.0 1.0
11 37 3.0 1.0
11 38 25.0 1.0
11 39 3.0 1.0
11 40 25.0 1.0
11 41 3.0 1.0
11 42 25.0 1.0
11 43 3.0 1.0
11 44 25.0 1.0
11 45 3.0 1.0
11 46 25.0 1.0
11 47 3.0 1.0
11 48 25.0 1.0
11 49 3.0 1.0
11 50 25.0 1.0
11 51 3.0 1.0
11 52 25.0 1.0
11 53 3.0 1.0
11 54 25.0 1.0
11 55 3.0 1.0
11 56 25.0 1.0
11 57 3.0 1.0
11 58 25.0 1.0
11 59 3.0 1.0
12 4 25.0 1.0
12 5 3.0 1.0
12 6 25.0 1.0
12 7 3.0 1.0
12 8 25.0 1.0
12 9 3.0 1.0
12 10 25.0 1.0
12 11 3.0 1.0
12 12 25.0 1.0
12 13 3.0 1.0
12 14 25.0 1.0
12 15 3.0 1.0
12 16 25.0 1.0
12 17 3.0 1.0
12 18 25.0 1.0
12 19 3.0 1.0
12 20 25.0 1.0
12 21 3.0 1.0
12 22 25.0 1.0
12 23 3.0 1.0
12 24 25.0 1.0
12 25 3.0 1.0
12 26 25.0 1.0
12 27 3.0 1.0
12 28 25.0 1.0
12 29 3.0 1.0
12 30 25.0 1.0
12 31 3.0 1.0
12 32 25.0 1.0
12 33 3.0 1.0
12 34 25.0 1.0
12 35 3.0 1.0
12 36 25.0 1.0
12 37 3.0 1.0
12 38 25.0 1.0
12 39 3.0 1.0
12 40 25.0 1.0
12 41 3.0 1.0
12 42 25.0 1.0
12 43 3.0 1.0
12 44 25.0 1.0
12 45 3.0 1.0
12 46 25.0 1.0
12 47 3.0 1.0
12 48 25.0 1.0
12 49 3.0 1.0
12 50 25.0 1.0
12 51 3.0 1.0
12 52 25.0 1.0
12 53 3.0 1.0
12 54 25.0 1.0
12 55 3.0 1.0
12 56 25.0 1.0
12 57 3.0 1.0
12 58 25.0 1.0
12 59 3.0 1.0
13 4 25.0 1.0
13 5 3.0 1.0
13 6 25.0 1.0
13 7 3.0 1.0
13 8 25.0 1.0
13 9 3.0 1.0
13 10 25.0 1.0
13 11 3.0 1.0
13 12 25.0 1.0
13 13 3.0 1.0
13 14 25.0 1.0
13 15 3.0 1.0
13 16 25.0 1.0
13 17 3.0 1.0
13 18 25.0 1.0
13 19 3.0 1.0
13 20 25.0 1.0
13 21 3.0 1.0
13 22 25.0 1.0
13 23 3.0 1.0
13 24 25.0 1.0
13 25 3.0 1.0
13 26 25.0 1.0
13 27 3.0 1.0
13 28 25.0 1.0
13 29 3.0 1.0
13 30 25.0 1.0
13 31 3.0 1.0
13 32 25.0 1.0
13 33 3.0 1.0
13 34 25.0 1.0
13 35 3.0 1.0
13 36 25.0 1.0
13 37 3.0 1.0
13 38 25.0 1.0
13 39 3.0 1.0
13 40 25.0 1.0
13 41 3.0 1.0
13 42 25.0 1.0
13 43 3.0 1.0
13 44 25.0 1.0
13 45 3.0 1.0
13 46 25.0 1.0
13 47 3.0 1.0
13 48 25.0 1.0
13 49 3.0 1.0
13 50 25.0 1.0
13 51 3.0 1.0
13 52 25.0 1.0
13 53 3.0 1.0
13 54 25.0 1.0
13 55 3.0 1.0
13 56 25.0 1.0
13 57 3.0 1.0
13 58 25.0 1.0
13 59 3.0 1.0
14 4 25.0 1.0
14 5 3.0 1.0
14 6 25.0 1.0
14 7 3.0 1.0
14 8 25.0 1.0
14 9 3.0 1.0
14 10 25.0 1.0
14 11 3.0 1.0
14 12 25.0 1.0
14 13 3.0 1.0
14 14 25.0 1.0
14 15 3.0 1.0
14 16 25.0 1.0
14 17 3.0 1.0
14 18 25.0 1.0
14 19 3.0 1.0
14 20 25.0 1.0
14 21 3.0 1.0
14 22 25.0 1.0
14 23 3.0 1.0
14 24 25.0 1.0
14 25 3.0 1.0
14 26 25.0 1.0
14 27 3.0 1.0
14 28 25.0 1.0
14 29 3.0 1.0
14 30 25.0 1.0
14 31 3.0 1.0
14 32 25.0 1.0
14 33 3.0 1.0
14 34 25.0 1.0
14 35 3.0 1.0
14 36 25.0 1.0
14 37 3.0 1.0
14 38 25.0 1.0
14 39 3.0 1.0
14 40 25.0 1.0
14 41 3.0 1.0
14 42 25.0 1.0
14 43 3.0 1.0
14 44 25.0 1.0
14 45 3.0 1.0
14 46 25.0 1.0
14 47 3.0 1.0
14 48 25.0 1.0
14 49 3.0 1.0
14 50 25.0 1.0
14 51 3.0 1.0
14 52 25.0 1.0
14 53 3.0 1.0
14 54 25.0 1.0
14 55 3.0 1.0
14 56 25.0 1.0
14 57 3.0 1.0
14 58 25.0 1.0
14 59 3.0 1.0
15 4 25.0 1.0
15 5 3.0 1.0
15 6 25.0 1.0
15 7 3.0 1.0
15 8 25.0 1.0
15 9 3.0 1.0
15 10 25.0 1.0
15 11 3.0 1.0
15 12 25.0 1.0
15 13 3.0 1.0
15 14 25.0 1.0
15 15 3.0 1.0
15 16 25.0 1.0
15 17 3.0 1.0
15 18 25.0 1.0
15 19 3.0 1.0
15 20 25.0 1.0
15 21 3.0 1.0
15 22 25.0 1.0
15 23 3.0 1.0
15 24 25.0 1.0
15 25 3.0 1.0
15 26 25.0 1.0
15 27 3.0 1.0
15 28 25.0 1.0
15 29 3.0 1.0
15 30 25.0 1.0
15 31 3.0 1.0
15 32 25.0 1.0
15 33 3.0 1.0
15 34 25.0 1.0
15 35 3.0 1.0
15 36 25.0 1.0
15 37 3.0 1.0
15 38 25.0 1.0
15 39 3.0 1.0
15 40 25.0 1.0
15 41 3.0 1.0
15 42 25.0 1.0
15 43 3.0 1.0
15 44 25.0 1.0
15 45 3.0 1.0
15 46 25.0 1.0
15 47 3.0 1.0
15 48 25.0 1.0
15 49 3.0 1.0
15 50 25.0 1.0
15 51 3.0 1.0
15 52 25.0 1.0
15 53 3.0 1.0
15 54 25.0 1.0
15 55 3.0 1.0
15 56 25.0 1.0
15 57 3.0 1.0
15 58 25.0 1.0
15 59 3.0 1.0
16 4 25.0 1.0
16 5 3.0 1.0
16 6 25.0 1.0
16 7 3.0 1.0
16 8 25.0 1.0
16 9 3.0 1.0
16 10 25.0 1.0
16 11 3.0 1.0
16 12 25.0 1.0
16 13 3.0 1.0
16 14 25.0 1.0
16 15 3.0 1.0
16 16 25.0 1.0
16 17 3.0 1.0
16 18 25.0 1.0
16 19 3.0 1.0
16 20 25.0 1.0
16 21 3.0 1.0
16 22 25.0 1.0
16 23 3.0 1.0
16 24 25.0 1.0
16 25 3.0 1.0
16 26 25.0 1.0
16 27 3.0 1.0
16 28 25.0 1.0
16 29 3.0 1.0
16 30 25.0 1.0
16 31 3.0 1.0
16 32 25.0 1.0
16 33 3.0 1.0
16 34 25.0 1.0
16 35 3.0 1.0
16 36 25.0 1.0
16 37 3.0 1.0
16 38 25.0 1.0
16 39 3.0 1.0
16 40 25.0 1.0
16 41 3.0 1.0
16 42 25.0 1.0
16 43 3.0 1.0
16 44 25.0 1.0
16 45 3.0 1.0
16 46 25.0 1.0
16 47 3.0 1.0
16 48 25.0 1.0
16 49 3.0 1.0
16 50 25.0 1.0
16 51 3.0 1.0
16 52 25.0 1.0
16 53 3.0 1.0
16 54 25.0 1.0
16 55 3.0 1.0
16 56 25.0 1.0
16 57 3.0 1.0
16 58 25.0 1.0
16 59 3.0 1.0
17 4 25.0 1.0
17 5 3.0 1.0
17 6 25.0 1.0
17 7 3.0 1.0
17 8 25.0 1.0
17 9 3.0 1.0
17 10 25.0 1.0
17 11 3.0 1.0
17 12 25.0 1.0
17 13 3.0 1.0
17 14 25.0 1.0
17 15 3.0 1.0
17 16 25.0 1.0
17 17 3.0 1.0
17 18 25.0 1.0
17 19 3.0 1.0
17 20 25.0 1.0
17 21 3.0 1.0
17 22 25.0 1.0
17 23 3.0 1.0
17 24 25.0 1.0
17 25 3.0 1.0
17 26 25.0 1.0
17 27 3.0 1.0
17 28 25.0 1.0
17 29 3.0 1.0
17 30 25.0 1.0
17 31 3.0 1.0
17 32 25.0 1.0
17 33 3.0 1.0
17 34 25.0 1.0
17 35 3.0 1.0
17 36 25.0 1.0
17 37 3.0 1.0
17 38 25.0 1.0
17 39 3.0 1.0
17 40 25.0 1.0
17 41 3.0 1.0
17 42 25.0 1.0
17 43 3.0 1.0
17 44 25.0 1.0
17 45 3.0 1.0
17 46 25.0 1.0
17 47 3.0 1.0
17 48 25.0 1.0
17 49 3.0 1.0
17 50 25.0 1.0
17 51 3.0 1.0
17 52 25.0 1.0
17 53 3.0 1.0
17 54 25.0 1.0
17 55 3.0 1.0
17 56 25.0 1.0
17 57 3.0 1.0
17 58 25.0 1.0
17 59 3.0 1.0
18 4 25.0 1.0
18 5 3.0 1.0
18 6 25.0 1.0
18 7 3.0 1.0
18 8 25.0 1.0
18 9 3.0 1.0
18 10 25.0 1.0
18 11 3.0 1.0
18 12 25.0 1.0
18 13 3.0 1.0
18 14 25.0 1.0
18 15 3.0 1.0
18 16 25.0 1.0
18 17 3.0 1.0
18 18 25.0 1.0
18 19 3.0 1.0
18 20 25.0 1.0
18 21 3.0 1.0
18 22 25.0 1.0
18 23 3.0 1.0
18 24 25.0 1.0
18 25 3.0 1.0
18 26 25.0 1.0
18 27 3.0 1.0
18 28 25.0 1.0
18 29 3.0 1.0
18 30 25.0 1.0
18 31 3.0 1.0
18 32 25.0 1.0
18 33 3.0 1.0
18 34 25.0 1.0
18 35 3.0 1.0
18 36 25.0 1.0
18 37 3.0 1.0
18 38 25.0 1.0
18 39 3.0 1.0
18 40 25.0 1.0
18 41 3.0 1.0
18 42 25.0 1.0
18 43 3.0 1.0
18 44 25.0 1.0
18 45 3.0 1.0
18 46 25.0 1.0
18 47 3.0 1.0
18 48 25.0 1.0
18 49 3.0 1.0
18 50 25.0 1.0
18 51 3.0 1.0
18 52 25.0 1.0
18 53 3.0 1.0
18 54 25.0 1.0
18 55 3.0 1.0
18 56 25.0 1.0
18 57 3.0 1.0
18 58 25.0 1.0
18 59 3.0 1.0
19 4 25.0 1.0
19 5 3.0 1.0
19 6 25.0 1.0
19 7 3.0 1.0
19 8 25.0 1.0
19 9 3.0 1.0
19 10 25.0 1.0
19 11 3.0 1.0
19 12 25.0 1.0
19 13 3.0 1.0
19 14 25.0 1.0
19 15 3.0 1.0
19 16 25.0 1.0
19 17 3.0 1.0
19 18 25.0 1.0
19 19 3.0 1.0
19 20 25.0 1.0
19 21 3.0 1.0
19 22 25.0 1.0
19 23 3.0 1.0
19 24 25.0 1.0
19 25 3.0 1.0
19 26 25.0 1.0
19 27 3.0 1.0
19 28 25.0 1.0
19 29 3.0 1.0
19 30 25.0 1.0
19 31 3.0 1.0
19 32 25.0 1.0
19 33 3.0 1.0
19 34 25.0 1.0
19 35 3.0 1.0
19 36 25.0 1.0
19 37 3.0 1.0
19 38 25.0 1.0
19 39 3.0 1.0
19 40 25.0 1.0
19 41 3.0 1.0
19 42 25.0 1.0
19 43 3.0 1.0
19 44 25.0 1.0
19 45 3.0 1.0
19 46 25.0 1.0
19 47 3.0 1.0
19 48 25.0 1.0
19 49 3.0 1.0
19 50 25.0 1.0
19 51 3.0 1.0
19 52 25.0 1.0
19 53 3.0 1.0
19 54 25.0 1.0
19 55 3.0 1.0
19 56 25.0 1.0
19 57 3.0 1.0
19 58 25.0 1.0
19 59 3.0 1.0
20 4 25.0 1.0
20 5 3.0 1.0
20 6 25.0 1.0
20 7 3.0 1.0
20 8 25.0 1.0
20 9 3.0 1.0
20 10 25.0 1.0
20 11 3.0 1.0
20 12 25.0 1.0
20 13 3.0 1.0
20 14 25.0 1.0
20 15 3.0 1.0
20 16 25.0 1.0
20 17 3.0 1.0
20 18 25.0 1.0
20 19 3.0 1.0
20 20 25.0 1.0
20 21 3.0 1.0
20 22 25.0 1.0
20 23 3.0 1.0
20 24 25.0 1.0
20 25 3.0 1.0
20 26 25.0 1.0
20 27 3.0 1.0
20 28 25.0 1.0
20 29 3.0 1.0
20 30 25.0 1.0
20 31 3.0 1.0
20 32 25.0 1.0
20 33 3.0 1.0
20 34 25.0 1.0
20 35 3.0 1.0
20 36 25.0 1.0
20 37 3.0 1.0
20 38 25.0 1.0
20 39 3.0 1.0
20 40 25.0 1.0
20 41 3.0 1.0
20 42 25.0 1.0
20 43 3.0 1.0
20 44 25.0 1.0
20 45 3.0 1.0
20 46 25.0 1.0
20 47 3.0 1.0
20 48 25.0 1.0
20 49 3.0 1.0
20 50 25.0 1.0
20 51 3.0 1.0
20 52 25.0 1.0
20 53 3.0 1.0
20 54 25.0 1.0
20 55 3.0 1.0
20 56 25.0 1.0
20 57 3.0 1.0
20 58 25.0 1.0
20 59 3.0 1.0
21 4 25.0 1.0
21 5 3.0 1.0
21 6 25.0 1.0
21 7 3.0 1.0
21 8 25.0 1.0
21 9 3.0 1.0
21 10 25.0 1.0
21 11 3.0 1.0
21 12 25.0 1.0
21 13 3.0 1.0
21 14 25.0 1.0
21 15 3.0 1.0
21 16 25.0 1.0
21 17 3.0 1.0
21 18 25.0 1.0
21 19 3.0 1.0
21 20 25.0 1.0
21 21 3.0 1.0
21 22 25.0 1.0
21 23 3.0 1.0
21 24 25.0 1.0
21 25 3.0 1.0
21 26 25.0 1.0
21 27 3.0 1.0
21 28 25.0 1.0
21 29 3.0 1.0
21 30 25.0 1.0
21 31 3.0 1.0
21 32 25.0 1.0
21 33 3.0 1.0
21 34 25.0 1.0
21 35 3.0 1.0
21 36 25.0 1.0
21 37 3.0 1.0
21 38 25.0 1.0
21 39 3.0 1.0
21 40 25.0 1.0
21 41 3.0 1.0
21 42 25.0 1.0
21 43 3.0 1.0
21 44 25.0 1.0
21 45 3.0 1.0
21 46 25.0 1.0
21 47 3.0 1.0
21 48 25.0 1.0
21 49 3.0 1.0
21 50 25.0 1.0
21 51 3.0 1.0
21 52 25.0 1.0
21 53 3.0 1.0
21 54 25.0 1.0
21 55 3.0 1.0
21 56 25.0 1.0
21 57 3.0 1.0
21 58 25.0 1.0
21 59 3.0 1.0
22 4 25.0 1.0
22 5 3.0 1.0
22 6 25.0 1.0
22 7 3.0 1.0
22 8 25.0 1.0
22 9 3.0 1.0
22 10 25.0 1.0
22 11 3.0 1.0
22 12 25.0 1.0
22 13 3.0 1.0
22 14 25.0 1.0
22 15 3.0 1.0
22 16 25.0 1.0
22 17 3.0 1.0
22 18 25.0 1.0
22 19 3.0 1.0
22 20 25.0 1.0
22 21 3.0 1.0
22 22 25.0 1.0
22 23 3.0 1.0
22 24 25.0 1.0
22 25 3.0 1.0
22 26 25.0 1.0
22 27 3.0 1.0
22 28 25.0 1.0
22 29 3.0 1.0
22 30 25.0 1.0
22 31 3.0 1.0
22 32 25.0 1.0
22 33 3.0 1.0
22 34 25.0 1.0
22 35 3.0 1.0
22 36 25.0 1.0
22 37 3.0 1.0
22 38 25.0 1.0
22 39 3.0 1.0
22 40 25.0 1.0
22 41 3.0 1.0
22 42 25.0 1.0
22 43 3.0 1.0
22 44 25.0 1.0
22 45 3.0 1.0
22 46 25.0 1.0
22 47 3.0 1.0
22 48 25.0 1.0
22 49 3.0 1.0
22 50 25.0 1.0
22 51 3.0 1.0
22 52 25.0 1.0
22 53 3.0 1.0
22 54 25.0 1.0
22 55 3.0 1.0
22 56 25.0 1.0
22 57 3.0 1.0
22 58 25.0 1.0
22 59 3.0 1.0
23 4 25.0 1.0
23 5 3.0 1.0
23 6 25.0 1.0
23 7 3.0 1.0
23 8 25.0 1.0
23 9 3.0 1.0
23 10 25.0 1.0
23 11 3.0 1.0
23 12 25.0 1.0
23 13 3.0 1.0
23 14 25.0 1.0
23 15 3.0 1.0
23 16 25.0 1.0
23 17 3.0 1.0
23 18 25.0 1.0
23 19 3.0 1.0
23 20 25.0 1.0
23 21 3.0 1.0
23 22 25.0 1.0
23 23 3.0 1.0
23 24 25.0 1.0
23 25 3.0 1.0
23 26 25.0 1.0
23 27 3.0 1.0
23 28 25.0 1.0
23 29 3.0 1.0
23 30 25.0 1.0
23 31 3.0 1.0
23 32 25.0 1.0
23 33 3.0 1.0
23 34 25.0 1.0
23 35 3.0 1.0
23 36 25.0 1.0
23 37 3.0 1.0
23 38 25.0 1.0
23 39 3.0 1.0
23 40 25.0 1.0
23 41 3.0 1.0
23 42 25.0 1.0
23 43 3.0 1.0
23 44 25.0 1.0
23 45 3.0 1.0
23 46 25.0 1.0
23 47 3.0 1.0
23 48 25.0 1.0
23 49 3.0 1.0
23 50 25.0 1.0
23 51 3.0 1.0
23 52 25.0 1.0
23 53 3.0 1.0
23 54 25.0 1.0
23 55 3.0 1.0
23 56 25.0 1.0
23 57 3.0 1.0
23 58 25.0 1.0
23 59 3.0 1.0
24 4 25.0 1.0
24 5 3.0 1.0
24 6 25.0 1.0
24 7 3.0 1.0
24 8 25.0 1.0
24 9 3.0 1.0
24 10 25.0 1.0
24 11 3.0 1.0
24 12 25.0 1.0
24 13 3.0 1.0
24 14 25.0 1.0
24 15 3.0 1.0
24 16 25.0 1.0
24 17 3.0 1.0
24 18 25.0 1.0
24 19 3.0 1.0
24 20 25.0 1.0
24 21 3.0 1.0
24 22 25.0 1.0
24 23 3.0 1.0
24 24 25.0 1.0
24 25 3.0 1.0
24 26 25.0 1.0
24 27 3.0 1.0
24 28 25.0 1.0
24 29 3.0 1.0
24 30 25.0 1.0
24 31 3.0 1.0
24 32 25.0 1.0
24 33 3.0 1.0
24 34 25.0 1.0
24 35 3.0 1.0
24 36 25.0 1.0
24 37 3.0 1.0
24 38 25.0 1.0
24 39 3.0 1.0
24 40 25.0 1.0
24 41 3.0 1.0
24 42 25.0 1.0
24 43 3.0 1.0
24 44 25.0 1.0
24 45 3.0 1.0
24 46 25.0 1.0
24 47 3.0 1.0
24 48 25.0 1.0
24 49 3.0 1.0
24 50 25.0 1.0
24 51 3.0 1.0
24 52 25.0 1.0
24 53 3.0 1.0
24 54 25.0 1.0
24 55 3.0 1.0
24 56 25.0 1.0
24 57 3.0 1.0
24 58 25.0 1.0
24 59 3.0 1.0
