   1      1     253     -5.935     -5.270      4      5      2
   1      2     254     -6.326     -8.245     20     21     10
   1      3     255     -8.706     -6.418     16     17      8
   1      4     256     -8.315     -3.444     12     13      6
   1      5     257     -5.543     -2.296      8      9      4
   1      6     258     -3.163     -4.122     28     29     14
   1      7     259     -3.555     -7.097     24     25     12
   1      8     260     -7.532      2.505      6      7      3
   1      9     261     -7.923     -0.470     22     23     11
   1     10     262    -10.303      1.356     18     19      9
   1     11     263     -9.912      4.331     14     15      7
   1     12     264     -7.140      5.479     10     11      5
   1     13     265     -4.760      3.653     30     31     15
   1     14     266     -5.152      0.678     26     27     13
   1     15     267     -1.597      7.775     58     59     29
   1     16     268     -1.988      4.801     54     55     27
   1     17     269     -4.369      6.627     34     35     17
   1     18     270     -3.977      9.601     38     39     19
   1     19     271     -1.205     10.749     42     43     21
   1     20     272      1.175      8.923     46     47     23
   1     21     273      0.783      5.949     50     51     25
   1     22     274      0.000      0.000     56     57     28
   1     23     275     -0.392     -2.974     52     53     26
   1     24     276     -2.772     -1.148     32     33     16
   1     25     277     -2.380      1.826     36     37     18
   1     26     278      0.392      2.974     40     41     20
   1     27     279      2.772      1.148     44     45     22
   1     28     280      2.380     -1.826     48     49     24
   2      1     393      3.194    -15.550      4      5      2
   2      2     394      2.802    -18.524     20     21     10
   2      3     395      0.422    -16.698     16     17      8
   2      4     396      0.814    -13.724     12     13      6
   2      5     397      3.585    -12.576      8      9      4
   2      6     398      5.965    -14.402     28     29     14
   2      7     399      5.574    -17.376     24     25     12
   2      8     400      1.597     -7.775      6      7      3
   2      9     401      1.205    -10.749     22     23     11
   2     10     402     -1.175     -8.923     18     19      9
   2     11     403     -0.783     -5.949     14     15      7
   2     12     404      1.988     -4.801     10     11      5
   2     13     405      4.369     -6.627     30     31     15
   2     14     406      3.977     -9.601     26     27     13
   2     15     407      7.532     -2.505     58     59     29
   2     16     408      7.140     -5.479     54     55     27
   2     17     409      4.760     -3.653     34     35     17
   2     18     410      5.152     -0.678     38     39     19
   2     19     411      7.923      0.470     42     43     21
   2     20     412     10.303     -1.356     46     47     23
   2     21     413      9.912     -4.331     50     51     25
   2     22     414      9.129    -10.279     56     57     28
   2     23     415      8.737    -13.254     52     53     26
   2     24     416      6.357    -11.428     32     33     16
   2     25     417      6.749     -8.453     36     37     18
   2     26     418      9.520     -7.305     40     41     20
   2     27     419     11.900     -9.131     44     45     22
   2     28     420     11.509    -12.106     48     49     24
   3      1     281      5.935      5.270      4      5      2
   3      2     282      5.543      2.296     20     21     10
   3      3     283      3.163      4.122     16     17      8
   3      4     284      3.555      7.097     12     13      6
   3      5     285      6.326      8.245      8      9      4
   3      6     286      8.706      6.418     28     29     14
   3      7     287      8.315      3.444     24     25     12
   3      8     288      4.338     13.045      6      7      3
   3      9     289      3.946     10.071     22     23     11
   3     10     290      1.566     11.897     18     19      9
   3     11     291      1.958     14.872     14     15      7
   3     12     292      4.730     16.020     10     11      5
   3     13     293      7.110     14.193     30     31     15
   3     14     294      6.718     11.219     26     27     13
   3     15     295     10.273     18.316     58     59     29
   3     16     296      9.881     15.341     54     55     27
   3     17     297      7.501     17.168     34     35     17
   3     18     298      7.893     20.142     38     39     19
   3     19     299     10.664     21.290     42     43     21
   3     20     300     13.044     19.464     46     47     23
   3     21     301     12.653     16.490     50     51     25
   3     22     302     11.870     10.541     56     57     28
   3     23     303     11.478      7.567     52     53     26
   3     24     304      9.098      9.393     32     33     16
   3     25     305      9.490     12.367     36     37     18
   3     26     306     12.261     13.515     40     41     20
   3     27     307     14.641     11.689     44     45     22
   3     28     308     14.250      8.715     48     49     24
   4      1     421     15.064     -5.009      4      5      2
   4      2     422     14.672     -7.983     20     21     10
   4      3     423     12.292     -6.157     16     17      8
   4      4     424     12.683     -3.183     12     13      6
   4      5     425     15.455     -2.035      8      9      4
   4      6     426     17.835     -3.861     28     29     14
   4      7     427     17.444     -6.835     24     25     12
   4      8     428     13.467      2.766      6      7      3
   4      9     429     13.075     -0.208     22     23     11
   4     10     430     10.695      1.618     18     19      9
   4     11     431     11.087      4.592     14     15      7
   4     12     432     13.858      5.740     10     11      5
   4     13     433     16.238      3.914     30     31     15
   4     14     434     15.847      0.940     26     27     13
   4     15     435     19.401      8.036     58     59     29
   4     16     436     19.010      5.062     54     55     27
   4     17     437     16.630      6.888     34     35     17
   4     18     438     17.021      9.863     38     39     19
   4     19     439     19.793     11.011     42     43     21
   4     20     440     22.173      9.184     46     47     23
   4     21     441     21.782      6.210     50     51     25
   4     22     442     20.998      0.261     56     57     28
   4     23     443     20.607     -2.713     52     53     26
   4     24     444     18.227     -0.887     32     33     16
   4     25     445     18.618      2.088     36     37     18
   4     26     446     21.390      3.236     40     41     20
   4     27     447     23.770      1.409     44     45     22
   4     28     448     23.378     -1.565     48     49     24
   5      1     225    -17.805    -15.811      4      5      2
   5      2     226    -18.196    -18.786     20     21     10
   5      3     227    -20.576    -16.959     16     17      8
   5      4     228    -20.185    -13.985     12     13      6
   5      5     229    -17.413    -12.837      8      9      4
   5      6     230    -15.033    -14.663     28     29     14
   5      7     231    -15.425    -17.638     24     25     12
   5      8     232    -19.401     -8.036      6      7      3
   5      9     233    -19.793    -11.011     22     23     11
   5     10     234    -22.173     -9.184     18     19      9
   5     11     235    -21.782     -6.210     14     15      7
   5     12     236    -19.010     -5.062     10     11      5
   5     13     237    -16.630     -6.888     30     31     15
   5     14     238    -17.021     -9.863     26     27     13
   5     15     239    -13.467     -2.766     58     59     29
   5     16     240    -13.858     -5.740     54     55     27
   5     17     241    -16.238     -3.914     34     35     17
   5     18     242    -15.847     -0.940     38     39     19
   5     19     243    -13.075      0.208     42     43     21
   5     20     244    -10.695     -1.618     46     47     23
   5     21     245    -11.087     -4.592     50     51     25
   5     22     246    -11.870    -10.541     56     57     28
   5     23     247    -12.261    -13.515     52     53     26
   5     24     248    -14.641    -11.689     32     33     16
   5     25     249    -14.250     -8.715     36     37     18
   5     26     250    -11.478     -7.567     40     41     20
   5     27     251     -9.098     -9.393     44     45     22
   5     28     252     -9.490    -12.367     48     49     24
   6      1     365     -8.676    -26.091      4      5      2
   6      2     366     -9.067    -29.065     20     21     10
   6      3     367    -11.448    -27.239     16     17      8
   6      4     368    -11.056    -24.264     12     13      6
   6      5     369     -8.284    -23.116      8      9      4
   6      6     370     -5.904    -24.943     28     29     14
   6      7     371     -6.296    -27.917     24     25     12
   6      8     372    -10.273    -18.316      6      7      3
   6      9     373    -10.664    -21.290     22     23     11
   6     10     374    -13.044    -19.464     18     19      9
   6     11     375    -12.653    -16.490     14     15      7
   6     12     376     -9.881    -15.341     10     11      5
   6     13     377     -7.501    -17.168     30     31     15
   6     14     378     -7.893    -20.142     26     27     13
   6     15     379     -4.338    -13.045     58     59     29
   6     16     380     -4.730    -16.020     54     55     27
   6     17     381     -7.110    -14.193     34     35     17
   6     18     382     -6.718    -11.219     38     39     19
   6     19     383     -3.946    -10.071     42     43     21
   6     20     384     -1.566    -11.897     46     47     23
   6     21     385     -1.958    -14.872     50     51     25
   6     22     386     -2.741    -20.820     56     57     28
   6     23     387     -3.133    -23.795     52     53     26
   6     24     388     -5.513    -21.968     32     33     16
   6     25     389     -5.121    -18.994     36     37     18
   6     26     390     -2.349    -17.846     40     41     20
   6     27     391      0.031    -19.672     44     45     22
   6     28     392     -0.361    -22.647     48     49     24
   7      1     113    -20.998     -0.261      4      5      2
   7      2     114    -21.390     -3.236     20     21     10
   7      3     115    -23.770     -1.409     16     17      8
   7      4     116    -23.378      1.565     12     13      6
   7      5     117    -20.607      2.713      8      9      4
   7      6     118    -18.227      0.887     28     29     14
   7      7     119    -18.618     -2.088     24     25     12
   7      8     120    -22.595      7.514      6      7      3
   7      9     121    -22.987      4.539     22     23     11
   7     10     122    -25.367      6.366     18     19      9
   7     11     123    -24.975      9.340     14     15      7
   7     12     124    -22.204     10.488     10     11      5
   7     13     125    -19.824      8.662     30     31     15
   7     14     126    -20.215      5.687     26     27     13
   7     15     127    -16.660     12.784     58     59     29
   7     16     128    -17.052      9.810     54     55     27
   7     17     129    -19.432     11.636     34     35     17
   7     18     130    -19.040     14.610     38     39     19
   7     19     131    -16.269     15.758     42     43     21
   7     20     132    -13.889     13.932     46     47     23
   7     21     133    -14.280     10.958     50     51     25
   7     22     134    -15.064      5.009     56     57     28
   7     23     135    -15.455      2.035     52     53     26
   7     24     136    -17.835      3.861     32     33     16
   7     25     137    -17.444      6.835     36     37     18
   7     26     138    -14.672      7.983     40     41     20
   7     27     139    -12.292      6.157     44     45     22
   7     28     140    -12.683      3.183     48     49     24
   8      1     141     -9.129     10.279      4      5      2
   8      2     142     -9.520      7.305     20     21     10
   8      3     143    -11.900      9.131     16     17      8
   8      4     144    -11.509     12.106     12     13      6
   8      5     145     -8.737     13.254      8      9      4
   8      6     146     -6.357     11.428     28     29     14
   8      7     147     -6.749      8.453     24     25     12
   8      8     148    -10.726     18.054      6      7      3
   8      9     149    -11.117     15.080     22     23     11
   8     10     150    -13.497     16.906     18     19      9
   8     11     151    -13.106     19.881     14     15      7
   8     12     152    -10.334     21.029     10     11      5
   8     13     153     -7.954     19.202     30     31     15
   8     14     154     -8.346     16.228     26     27     13
   8     15     155     -4.791     23.325     58     59     29
   8     16     156     -5.182     20.351     54     55     27
   8     17     157     -7.562     22.177     34     35     17
   8     18     158     -7.171     25.151     38     39     19
   8     19     159     -4.399     26.299     42     43     21
   8     20     160     -2.019     24.473     46     47     23
   8     21     161     -2.411     21.499     50     51     25
   8     22     162     -3.194     15.550     56     57     28
   8     23     163     -3.585     12.576     52     53     26
   8     24     164     -5.965     14.402     32     33     16
   8     25     165     -5.574     17.376     36     37     18
   8     26     166     -2.802     18.524     40     41     20
   8     27     167     -0.422     16.698     44     45     22
   8     28     168     -0.814     13.724     48     49     24
   9      1      85    -32.868    -10.802      4      5      2
   9      2      86    -33.260    -13.777     20     21     10
   9      3      87    -35.640    -11.950     16     17      8
   9      4      88    -35.248     -8.976     12     13      6
   9      5      89    -32.477     -7.828      8      9      4
   9      6      90    -30.096     -9.654     28     29     14
   9      7      91    -30.488    -12.629     24     25     12
   9      8      92    -34.465     -3.027      6      7      3
   9      9      93    -34.857     -6.002     22     23     11
   9     10      94    -37.237     -4.175     18     19      9
   9     11      95    -36.845     -1.201     14     15      7
   9     12      96    -34.073     -0.053     10     11      5
   9     13      97    -31.693     -1.879     30     31     15
   9     14      98    -32.085     -4.854     26     27     13
   9     15      99    -28.530      2.243     58     59     29
   9     16     100    -28.922     -0.731     54     55     27
   9     17     101    -31.302      1.095     34     35     17
   9     18     102    -30.910      4.069     38     39     19
   9     19     103    -28.139      5.217     42     43     21
   9     20     104    -25.758      3.391     46     47     23
   9     21     105    -26.150      0.417     50     51     25
   9     22     106    -26.933     -5.532     56     57     28
   9     23     107    -27.325     -8.506     52     53     26
   9     24     108    -29.705     -6.680     32     33     16
   9     25     109    -29.313     -3.706     36     37     18
   9     26     110    -26.542     -2.557     40     41     20
   9     27     111    -24.162     -4.384     44     45     22
   9     28     112    -24.553     -7.358     48     49     24
  10      1     533     18.257    -20.559      4      5      2
  10      2     534     17.866    -23.533     20     21     10
  10      3     535     15.486    -21.707     16     17      8
  10      4     536     15.877    -18.733     12     13      6
  10      5     537     18.649    -17.585      8      9      4
  10      6     538     21.029    -19.411     28     29     14
  10      7     539     20.637    -22.385     24     25     12
  10      8     540     16.660    -12.784      6      7      3
  10      9     541     16.269    -15.758     22     23     11
  10     10     542     13.889    -13.932     18     19      9
  10     11     543     14.280    -10.958     14     15      7
  10     12     544     17.052     -9.810     10     11      5
  10     13     545     19.432    -11.636     30     31     15
  10     14     546     19.040    -14.610     26     27     13
  10     15     547     22.595     -7.514     58     59     29
  10     16     548     22.204    -10.488     54     55     27
  10     17     549     19.824     -8.662     34     35     17
  10     18     550     20.215     -5.687     38     39     19
  10     19     551     22.987     -4.539     42     43     21
  10     20     552     25.367     -6.366     46     47     23
  10     21     553     24.975     -9.340     50     51     25
  10     22     554     24.192    -15.289     56     57     28
  10     23     555     23.801    -18.263     52     53     26
  10     24     556     21.421    -16.437     32     33     16
  10     25     557     21.812    -13.462     36     37     18
  10     26     558     24.584    -12.314     40     41     20
  10     27     559     26.964    -14.140     44     45     22
  10     28     560     26.572    -17.115     48     49     24
  11      1     505      6.388    -31.100      4      5      2
  11      2     506      5.996    -34.074     20     21     10
  11      3     507      3.616    -32.248     16     17      8
  11      4     508      4.008    -29.274     12     13      6
  11      5     509      6.779    -28.125      8      9      4
  11      6     510      9.159    -29.952     28     29     14
  11      7     511      8.768    -32.926     24     25     12
  11      8     512      4.791    -23.325      6      7      3
  11      9     513      4.399    -26.299     22     23     11
  11     10     514      2.019    -24.473     18     19      9
  11     11     515      2.411    -21.499     14     15      7
  11     12     516      5.182    -20.351     10     11      5
  11     13     517      7.562    -22.177     30     31     15
  11     14     518      7.171    -25.151     26     27     13
  11     15     519     10.726    -18.054     58     59     29
  11     16     520     10.334    -21.029     54     55     27
  11     17     521      7.954    -19.202     34     35     17
  11     18     522      8.346    -16.228     38     39     19
  11     19     523     11.117    -15.080     42     43     21
  11     20     524     13.497    -16.906     46     47     23
  11     21     525     13.106    -19.881     50     51     25
  11     22     526     12.322    -25.829     56     57     28
  11     23     527     11.931    -28.804     52     53     26
  11     24     528      9.551    -26.977     32     33     16
  11     25     529      9.942    -24.003     36     37     18
  11     26     530     12.714    -22.855     40     41     20
  11     27     531     15.094    -24.681     44     45     22
  11     28     532     14.703    -27.656     48     49     24
  12      1     561     30.127    -10.018      4      5      2
  12      2     562     29.735    -12.992     20     21     10
  12      3     563     27.355    -11.166     16     17      8
  12      4     564     27.747     -8.192     12     13      6
  12      5     565     30.519     -7.044      8      9      4
  12      6     566     32.899     -8.870     28     29     14
  12      7     567     32.507    -11.844     24     25     12
  12      8     568     28.530     -2.243      6      7      3
  12      9     569     28.139     -5.217     22     23     11
  12     10     570     25.758     -3.391     18     19      9
  12     11     571     26.150     -0.417     14     15      7
  12     12     572     28.922      0.731     10     11      5
  12     13     573     31.302     -1.095     30     31     15
  12     14     574     30.910     -4.069     26     27     13
  12     15     575     34.465      3.027     58     59     29
  12     16     576     34.073      0.053     54     55     27
  12     17     577     31.693      1.879     34     35     17
  12     18     578     32.085      4.854     38     39     19
  12     19     579     34.857      6.002     42     43     21
  12     20     580     37.237      4.175     46     47     23
  12     21     581     36.845      1.201     50     51     25
  12     22     582     36.062     -4.748     56     57     28
  12     23     583     35.670     -7.722     52     53     26
  12     24     584     33.290     -5.896     32     33     16
  12     25     585     33.682     -2.921     36     37     18
  12     26     586     36.453     -1.773     40     41     20
  12     27     587     38.834     -3.600     44     45     22
  12     28     588     38.442     -6.574     48     49     24
  13      1     449     26.933      5.532      4      5      2
  13      2     450     26.542      2.558     20     21     10
  13      3     451     24.162      4.384     16     17      8
  13      4     452     24.553      7.358     12     13      6
  13      5     453     27.325      8.506      8      9      4
  13      6     454     29.705      6.680     28     29     14
  13      7     455     29.313      3.706     24     25     12
  13      8     456     25.336     13.307      6      7      3
  13      9     457     24.945     10.332     22     23     11
  13     10     458     22.565     12.159     18     19      9
  13     11     459     22.956     15.133     14     15      7
  13     12     460     25.728     16.281     10     11      5
  13     13     461     28.108     14.455     30     31     15
  13     14     462     27.716     11.481     26     27     13
  13     15     463     31.271     18.577     58     59     29
  13     16     464     30.880     15.603     54     55     27
  13     17     465     28.500     17.429     34     35     17
  13     18     466     28.891     20.404     38     39     19
  13     19     467     31.663     21.552     42     43     21
  13     20     468     34.043     19.725     46     47     23
  13     21     469     33.651     16.751     50     51     25
  13     22     470     32.868     10.802     56     57     28
  13     23     471     32.477      7.828     52     53     26
  13     24     472     30.096      9.654     32     33     16
  13     25     473     30.488     12.629     36     37     18
  13     26     474     33.260     13.777     40     41     20
  13     27     475     35.640     11.950     44     45     22
  13     28     476     35.248      8.976     48     49     24
  14      1     309     17.805     15.811      4      5      2
  14      2     310     17.413     12.837     20     21     10
  14      3     311     15.033     14.663     16     17      8
  14      4     312     15.425     17.638     12     13      6
  14      5     313     18.196     18.786      8      9      4
  14      6     314     20.576     16.959     28     29     14
  14      7     315     20.185     13.985     24     25     12
  14      8     316     16.208     23.586      6      7      3
  14      9     317     15.816     20.612     22     23     11
  14     10     318     13.436     22.438     18     19      9
  14     11     319     13.828     25.413     14     15      7
  14     12     320     16.599     26.561     10     11      5
  14     13     321     18.979     24.734     30     31     15
  14     14     322     18.588     21.760     26     27     13
  14     15     323     22.143     28.857     58     59     29
  14     16     324     21.751     25.882     54     55     27
  14     17     325     19.371     27.709     34     35     17
  14     18     326     19.762     30.683     38     39     19
  14     19     327     22.534     31.831     42     43     21
  14     20     328     24.914     30.005     46     47     23
  14     21     329     24.523     27.030     50     51     25
  14     22     330     23.739     21.082     56     57     28
  14     23     331     23.348     18.107     52     53     26
  14     24     332     20.968     19.934     32     33     16
  14     25     333     21.359     22.908     36     37     18
  14     26     334     24.131     24.056     40     41     20
  14     27     335     26.511     22.230     44     45     22
  14     28     336     26.119     19.255     48     49     24
  15      1      29    -24.192     15.289      4      5      2
  15      2      30    -24.584     12.314     20     21     10
  15      3      31    -26.964     14.140     16     17      8
  15      4      32    -26.572     17.115     12     13      6
  15      5      33    -23.801     18.263      8      9      4
  15      6      34    -21.421     16.437     28     29     14
  15      7      35    -21.812     13.462     24     25     12
  15      8      36    -25.789     23.063      6      7      3
  15      9      37    -26.181     20.089     22     23     11
  15     10      38    -28.561     21.915     18     19      9
  15     11      39    -28.169     24.890     14     15      7
  15     12      40    -25.398     26.038     10     11      5
  15     13      41    -23.017     24.212     30     31     15
  15     14      42    -23.409     21.237     26     27     13
  15     15      43    -19.854     28.334     58     59     29
  15     16      44    -20.246     25.360     54     55     27
  15     17      45    -22.626     27.186     34     35     17
  15     18      46    -22.234     30.160     38     39     19
  15     19      47    -19.463     31.308     42     43     21
  15     20      48    -17.083     29.482     46     47     23
  15     21      49    -17.474     26.508     50     51     25
  15     22      50    -18.257     20.559     56     57     28
  15     23      51    -18.649     17.585     52     53     26
  15     24      52    -21.029     19.411     32     33     16
  15     25      53    -20.637     22.385     36     37     18
  15     26      54    -17.866     23.533     40     41     20
  15     27      55    -15.486     21.707     44     45     22
  15     28      56    -15.877     18.733     48     49     24
  16      1     169      2.741     20.820      4      5      2
  16      2     170      2.349     17.846     20     21     10
  16      3     171     -0.031     19.672     16     17      8
  16      4     172      0.361     22.647     12     13      6
  16      5     173      3.133     23.795      8      9      4
  16      6     174      5.513     21.968     28     29     14
  16      7     175      5.121     18.994     24     25     12
  16      8     176      1.144     28.595      6      7      3
  16      9     177      0.753     25.621     22     23     11
  16     10     178     -1.627     27.447     18     19      9
  16     11     179     -1.236     30.422     14     15      7
  16     12     180      1.536     31.570     10     11      5
  16     13     181      3.916     29.743     30     31     15
  16     14     182      3.524     26.769     26     27     13
  16     15     183      7.079     33.866     58     59     29
  16     16     184      6.687     30.891     54     55     27
  16     17     185      4.307     32.718     34     35     17
  16     18     186      4.699     35.692     38     39     19
  16     19     187      7.471     36.840     42     43     21
  16     20     188      9.851     35.014     46     47     23
  16     21     189      9.459     32.039     50     51     25
  16     22     190      8.676     26.091     56     57     28
  16     23     191      8.284     23.116     52     53     26
  16     24     192      5.904     24.943     32     33     16
  16     25     193      6.296     27.917     36     37     18
  16     26     194      9.067     29.065     40     41     20
  16     27     195     11.448     27.239     44     45     22
  16     28     196     11.056     24.264     48     49     24
  17      8     344    -22.143    -28.857      6      7      3
  17      9     345    -22.534    -31.831     22     23     11
  17     10     346    -24.914    -30.005     18     19      9
  17     11     347    -24.523    -27.030     14     15      7
  17     12     348    -21.751    -25.882     10     11      5
  17     13     349    -19.371    -27.709     30     31     15
  17     14     350    -19.762    -30.683     26     27     13
  17     15     351    -16.208    -23.586     58     59     29
  17     16     352    -16.599    -26.561     54     55     27
  17     17     353    -18.979    -24.734     34     35     17
  17     18     354    -18.588    -21.760     38     39     19
  17     19     355    -15.816    -20.612     42     43     21
  17     20     356    -13.436    -22.438     46     47     23
  17     21     357    -13.828    -25.413     50     51     25
  17     22     358    -14.611    -31.361     56     57     28
  17     23     359    -15.002    -34.336     52     53     26
  17     24     360    -17.382    -32.509     32     33     16
  17     25     361    -16.991    -29.535     36     37     18
  17     26     362    -14.219    -28.387     40     41     20
  17     27     363    -11.839    -30.213     44     45     22
  17     28     364    -12.231    -33.187     48     49     24
  18      8     484     -7.079    -33.866      6      7      3
  18      9     485     -7.471    -36.840     22     23     11
  18     10     486     -9.851    -35.014     18     19      9
  18     11     487     -9.459    -32.039     14     15      7
  18     12     488     -6.687    -30.891     10     11      5
  18     13     489     -4.307    -32.718     30     31     15
  18     14     490     -4.699    -35.692     26     27     13
  18     15     491     -1.144    -28.595     58     59     29
  18     16     492     -1.536    -31.570     54     55     27
  18     17     493     -3.916    -29.743     34     35     17
  18     18     494     -3.524    -26.769     38     39     19
  18     19     495     -0.753    -25.621     42     43     21
  18     20     496      1.627    -27.447     46     47     23
  18     21     497      1.236    -30.422     50     51     25
  18     22     498      0.453    -36.370     56     57     28
  18     23     499      0.061    -39.345     52     53     26
  18     24     500     -2.319    -37.518     32     33     16
  18     25     501     -1.927    -34.544     36     37     18
  18     26     502      0.844    -33.396     40     41     20
  18     27     503      3.224    -35.222     44     45     22
  18     28     504      2.833    -38.197     48     49     24
  19      1      57    -12.322     25.829      4      5      2
  19      2      58    -12.714     22.855     20     21     10
  19      3      59    -15.094     24.681     16     17      8
  19      4      60    -14.703     27.656     12     13      6
  19      5      61    -11.931     28.804      8      9      4
  19      6      62     -9.551     26.977     28     29     14
  19      7      63     -9.942     24.003     24     25     12
  19      8      64    -13.919     33.604      6      7      3
  19      9      65    -14.311     30.630     22     23     11
  19     10      66    -16.691     32.456     18     19      9
  19     11      67    -16.299     35.431     14     15      7
  19     12      68    -13.528     36.579     10     11      5
  19     13      69    -11.148     34.752     30     31     15
  19     14      70    -11.539     31.778     26     27     13
  19     22      78     -6.388     31.100     56     57     28
  19     23      79     -6.779     28.125     52     53     26
  19     24      80     -9.159     29.952     32     33     16
  19     25      81     -8.768     32.926     36     37     18
  19     26      82     -5.996     34.074     40     41     20
  19     27      83     -3.616     32.248     44     45     22
  19     28      84     -4.008     29.274     48     49     24
  20      1       1    -36.062      4.748      4      5      2
  20      2       2    -36.453      1.773     20     21     10
  20      3       3    -38.834      3.600     16     17      8
  20      4       4    -38.442      6.574     12     13      6
  20      5       5    -35.670      7.722      8      9      4
  20      6       6    -33.290      5.896     28     29     14
  20      7       7    -33.682      2.921     24     25     12
  20     15      15    -31.724     17.793     58     59     29
  20     16      16    -32.116     14.819     54     55     27
  20     17      17    -34.496     16.645     34     35     17
  20     18      18    -34.104     19.619     38     39     19
  20     19      19    -31.332     20.767     42     43     21
  20     20      20    -28.952     18.941     46     47     23
  20     21      21    -29.344     15.967     50     51     25
  20     22      22    -30.127     10.018     56     57     28
  20     23      23    -30.519      7.044     52     53     26
  20     24      24    -32.899      8.870     32     33     16
  20     25      25    -32.507     11.844     36     37     18
  20     26      26    -29.735     12.992     40     41     20
  20     27      27    -27.355     11.166     44     45     22
  20     28      28    -27.747      8.192     48     49     24
  21      8     204    -31.271    -18.577      6      7      3
  21      9     205    -31.663    -21.552     22     23     11
  21     10     206    -34.043    -19.725     18     19      9
  21     11     207    -33.651    -16.751     14     15      7
  21     12     208    -30.880    -15.603     10     11      5
  21     13     209    -28.500    -17.429     30     31     15
  21     14     210    -28.891    -20.404     26     27     13
  21     15     211    -25.336    -13.307     58     59     29
  21     16     212    -25.728    -16.281     54     55     27
  21     17     213    -28.108    -14.455     34     35     17
  21     18     214    -27.716    -11.481     38     39     19
  21     19     215    -24.945    -10.332     42     43     21
  21     20     216    -22.565    -12.159     46     47     23
  21     21     217    -22.956    -15.133     50     51     25
  21     22     218    -23.739    -21.082     56     57     28
  21     23     219    -24.131    -24.056     52     53     26
  21     24     220    -26.511    -22.230     32     33     16
  21     25     221    -26.119    -19.255     36     37     18
  21     26     222    -23.348    -18.107     40     41     20
  21     27     223    -20.968    -19.934     44     45     22
  21     28     224    -21.359    -22.908     48     49     24